MTP,A 99:99:99:99  9.99999 9.99999     .9   9.9   9.9 99999 -1000 -99.9 9 163.5 0.0 -181.9 0  96 100329 234417,B  8565 10306 12111  8583 10306 12113  8621 10336 12133  8641 10345 12145  8653 10365 12152,C  8692 10399 12175  8772 10491 12251  8807 10528 12288  8790 10517 12268  8791 10516 12273,D 43B 428 479 449 FFA 689 7DB FDE 49C 830 629 58C 316 7CD 7D1 7D4,E 10064 12178 13785  8795 10527 12279
MTP,A 99:99:99:99  9.99999 9.99999     .9   9.9   9.9 99999 -1000 -99.9 9 163.5 0.0 -181.9 0  96 100329 234430,B  8564 10298 12112  8575 10306 12120  8613 10334 12123  8634 10349 12143  8655 10366 12155,C  8696 10400 12187  8771 10485 12247  8808 10531 12283  8789 10519 12280  8782 10512 12274,D 43F 426 47A 446 FFD 687 7DB FDE 49B 82F 62E 58B 316 7CD 7D1 7D3,E 10063 12173 13790  8797 10512 12287
MTP,A 99:99:99:99  9.99999 9.99999     .9   9.9   9.9 99999 -1000 -99.9 9 163.5 0.0 -181.9 0  96 100329 234444,B  8570 10299 12111  8579 10307 12108  8621 10333 12135  8635 10349 12142  8660 10363 12159,C  8694 10396 12176  8771 10486 12254  8804 10535 12284  8782 10514 12283  8786 10509 12274,D 444 425 471 445 FF7 686 7DA FD9 498 830 622 586 315 7CC 7D0 7D4,E 10062 12177 13785  8800 10520 12282
MTP,A 99:99:99:99  9.99999 9.99999     .9   9.9   9.9 99999 -1000 -99.9 9 163.5 0.0 -181.9 0  96 100329 234457,B  8568 10296 12107  8581 10307 12109  8609 10335 12128  8633 10351 12147  8657 10368 12148,C  8697 10410 12196  8776 10497 12287  8798 10530 12287  8783 10520 12272  8782 10514 12271,D 44B 422 474 446 FF7 685 7DC FDA 498 835 625 584 313 7D0 7CE 7D4,E 10058 12173 13785  8801 10523 12289
MTP,A 99:99:99:99  9.99999 9.99999     .9   9.9   9.9 99999 -1000 -99.9 9 163.5 0.0 -181.9 0  96 100329 234510,B  8566 10291 12114  8577 10303 12111  8619 10333 12131  8636 10349 12142  8658 10362 12152,C  8696 10401 12185  8768 10490 12253  8798 10521 12287  8786 10518 12276  8779 10508 12271,D 44F 421 474 445 FFA 686 7DA FDD 497 832 628 583 312 7CE 7D0 7D5,E 10059 12175 13777  8800 10511 12283
MTP,A 99:99:99:99  9.99999 9.99999     .9   9.9   9.9 99999 -1000 -99.9 9 163.5 0.0 -181.9 0  96 100329 234524,B  8556 10293 12106  8585 10307 12113  8618 10330 12123  8636 10348 12137  8661 10364 12158,C  8697 10407 12195  8772 10486 12250  8801 10528 12283  8786 10511 12273  8784 10509 12274,D 454 421 472 448 FF9 685 7DB FDC 497 832 627 582 311 7CE 7CE 7D4,E 10058 12168 13783  8800 10517 12306
MTP,A 99:99:99:99  9.99999 9.99999     .9   9.9   9.9 99999 -1000 -99.9 9 163.5 0.0 -181.9 0  96 100329 234537,B  8560 10284 12107  8581 10297 12113  8616 10330 12129  8638 10342 12144  8654 10354 12140,C  8689 10395 12169  8769 10478 12252  8803 10527 12289  8789 10515 12275  8782 10506 12269,D 45A 420 474 445 FF9 688 7DB FDA 497 833 626 57E 30E 7CF 7D0 7D4,E 10067 12171 13787  8809 10516 12286
MTP,A 99:99:99:99  9.99999 9.99999     .9   9.9   9.9 99999 -1000 -99.9 9 163.5 0.0 -181.9 0  96 100329 234550,B  8562 10282 12093  8590 10311 12113  8617 10339 12133  8623 10334 12127  8649 10349 12135,C  8698 10400 12186  8778 10494 12252  8786 10507 12283  8788 10520 12272  8774 10503 12259,D 46D 432 484 45A FFF 6A2 7DB FFA 4A7 834 649 582 310 7CD 7D2 7D7,E 10061 12164 13771  8801 10509 12278
MTP,A 99:99:99:99  9.99999 9.99999     .9   9.9   9.9 99999 -1000 -99.9 9 163.5 0.0 -181.9 0  96 100329 234604,B  8561 10286 12103  8584 10291 12106  8610 10317 12122  8642 10332 12140  8655 10358 12150,C  8690 10388 12168  8766 10483 12245  8799 10520 12283  8781 10498 12263  8788 10511 12268,D 45C 41F 470 445 FF9 683 7DD FDB 492 836 626 57C 30B 7CD 7D0 7D6,E 10068 12179 13795  8807 10510 12277
MTP,A 99:99:99:99  9.99999 9.99999     .9   9.9   9.9 99999 -1000 -99.9 9 163.5 0.0 -181.9 0  96 100329 234617,B  8551 10268 12087  8586 10299 12109  8616 10337 12127  8627 10322 12117  8654 10350 12159,C  8703 10406 12182  8778 10502 12275  8794 10523 12280  8788 10517 12276  8774 10498 12285,D 46A 42D 47F 456 FFF 69A 7DC FF4 4A4 833 63D 579 30F 7CD 7D2 7D4,E 10062 12172 13777  8811 10509 12278
MTP,A 99:99:99:99  9.99999 9.99999     .9   9.9   9.9 99999 -1000 -99.9 9 163.5 0.0 -181.9 0  96 100329 234630,B  8551 10274 12088  8585 10295 12109  8625 10326 12124  8626 10333 12123  8642 10345 12131,C  8698 10396 12175  8774 10484 12248  8789 10509 12270  8792 10515 12274  8769 10488 12257,D 469 42E 481 456 FFF 69B 7DB FF3 4A0 831 63C 57B 30C 7CD 7D2 7D6,E 10051 12160 13773  8798 10501 12273
MTP,A 99:99:99:99  9.99999 9.99999     .9   9.9   9.9 99999 -1000 -99.9 9 163.5 0.0 -181.9 0  96 100329 234644,B  8555 10277 12097  8578 10280 12098  8611 10321 12112  8634 10324 12135  8654 10346 12162,C  8690 10379 12158  8766 10480 12250  8796 10518 12275  8777 10510 12271  8785 10502 12266,D 45B 41D 470 445 FF6 680 7DC FD8 48E 82E 620 579 307 7CE 7D0 7D4,E 10065 12164 13773  8807 10520 12275
MTP,A 99:99:99:99  9.99999 9.99999     .9   9.9   9.9 99999 -1000 -99.9 9 163.5 0.0 -181.9 0  96 100329 234657,B  8548 10267 12083  8581 10293 12108  8616 10327 12118  8626 10322 12115  8646 10341 12122,C  8697 10389 12176  8772 10483 12247  8787 10507 12265  8792 10510 12268  8768 10488 12248,D 469 42B 47C 453 FFF 697 7DB FEF 499 830 639 578 308 7CD 7D0 7D4,E 10064 12159 13776  8795 10502 12271
MTP,A 99:99:99:99  9.99999 9.99999     .9   9.9   9.9 99999 -1000 -99.9 9 163.5 0.0 -181.9 0  96 100329 234710,B  8555 10268 12090  8578 10283 12092  8613 10320 12113  8636 10328 12119  8652 10345 12131,C  8683 10386 12161  8753 10476 12235  8797 10509 12276  8778 10500 12258  8779 10499 12261,D 458 418 46A 43F FF2 67B 7DC FD4 48B 835 626 574 306 7D1 7CF 7D4,E 10055 12158 13770  8794 10498 12269
MTP,A 99:99:99:99  9.99999 9.99999     .9   9.9   9.9 99999 -1000 -99.9 9 163.5 0.0 -181.9 0  96 100329 234723,B  8554 10266 12095  8574 10281 12100  8612 10311 12112  8626 10323 12119  8653 10344 12127,C  8687 10376 12158  8766 10474 12233  8798 10508 12275  8780 10498 12253  8782 10492 12256,D 455 416 469 440 FF3 679 7DD FD4 488 834 628 571 303 7CF 7D0 7D5,E 10055 12155 13768  8796 10496 12267
MTP,A 99:99:99:99  9.99999 9.99999     .9   9.9   9.9 99999 -1000 -99.9 9 163.5 0.0 -181.9 0  96 100329 234737,B  8556 10273 12085  8579 10287 12090  8610 10306 12109  8629 10326 12124  8658 10339 12132,C  8684 10379 12151  8755 10466 12225  8797 10505 12263  8780 10490 12255  8777 10485 12255,D 457 41A 466 444 FF3 67A 7DC FD5 48A 834 61E 572 304 7CA 7CE 7D6,E 10057 12159 13764  8794 10495 12261
MTP,A 99:99:99:99  9.99999 9.99999     .9   9.9   9.9 99999 -1000 -99.9 9 163.5 0.0 -181.9 0  96 100329 234750,B  8549 10271 12090  8579 10285 12090  8610 10314 12118  8627 10323 12132  8655 10348 12142,C  8680 10375 12156  8760 10472 12233  8797 10501 12271  8776 10492 12249  8791 10491 12272,D 45A 41D 469 443 FF6 681 7DD FDA 488 82D 626 570 304 7CF 7CF 7D5,E 10060 12161 13769  8802 10505 12272
MTP,A 99:99:99:99  9.99999 9.99999     .9   9.9   9.9 99999 -1000 -99.9 9 163.5 0.0 -181.9 0  96 100329 234803,B  8545 10268 12083  8584 10293 12102  8618 10316 12116  8619 10316 12115  8643 10334 12119,C  8691 10383 12158  8769 10477 12242  8781 10504 12257  8790 10503 12263  8772 10474 12246,D 46B 426 478 454 FFF 69A 7DC FF2 496 82A 63F 56F 303 7D2 7D1 7D5,E 10053 12146 13760  8792 10490 12265
MTP,A 99:99:99:99  9.99999 9.99999     .9   9.9   9.9 99999 -1000 -99.9 9 163.5 0.0 -181.9 0  96 100329 234817,B  8556 10265 12087  8570 10282 12081  8616 10304 12109  8631 10321 12126  8653 10345 12137,C  8682 10374 12156  8758 10470 12237  8793 10497 12268  8782 10487 12251  8781 10485 12255,D 45B 417 468 445 FFA 682 7DC FD7 486 82E 624 56D 300 7CE 7D0 7D6,E 10052 12152 13762  8792 10491 12261
MTP,A 99:99:99:99  9.99999 9.99999     .9   9.9   9.9 99999 -1000 -99.9 9 163.5 0.0 -181.9 0  96 100329 234830,B  8557 10271 12080  8571 10281 12092  8610 10317 12114  8630 10328 12131  8651 10346 12135,C  8686 10375 12150  8763 10473 12237  8807 10510 12279  8787 10494 12255  8785 10494 12262,D 44E 40B 45E 43B FE8 673 7DC FC9 47C 837 615 56A 2FC 7CB 7CE 7D6,E 10057 12161 13767  8802 10497 12264
MTP,A 99:99:99:99  9.99999 9.99999     .9   9.9   9.9 99999 -1000 -99.9 9 163.5 0.0 -181.9 0  96 100329 234843,B  8569 10279 12100  8582 10281 12097  8617 10319 12109  8636 10332 12133  8655 10344 12136,C  8689 10383 12154  8764 10469 12225  8803 10511 12269  8784 10496 12253  8780 10495 12256,D 450 409 45E 43B FE7 672 7DC FC8 479 87A 610 568 2FD 7CD 7CC 7D7,E 10059 12156 13769  8797 10495 12265
