EIP1,,,-0.0,-0.0,0.0,-0.0,,,,,,,,,,

EIP3,19700101T003455.000,,1.0,1.1,0.9,-0.0,,,,,,,,,,

NOAA_GHIS,,,,,,,,,,,,,,,,

FCAS,20100329T233612.089,3,62,32,0,0,6.5,37.3,4709,28.2,919.1,0.05,31.0,32.2,0,0.0

EIP2,19700101T003555.000,2,2.1,1.9,1.7,0.4,0.3,0.0,0.0,0.0,5.6,5.6,0.0,0.0,27.3,21.1

EIP4,19700101T002437.000,,1.3,1.2,1.0,0.5,,,,,,,,,,

EIP5,19700101T002657.000,2,2.5,2.8,4.3,1.3,0.0,0.0,0.0,0.0,0.0,0.0,0.0,0.0,0.2,17.8

CPL,20100329T193611.000,1,768,5,0,0,0.00,0.00,0.00,0.00,0.00,0.00,0.00,0.00,0.00

MTP,,,,,,,,,,,,,,,,

EIP6,20100329T233508.000,2,0.7,0.7,0.6,0.5,0.0,0.3,0.0,0.0,0.0,0.0,0.1,0.0,28.3,19.4

NOAA_UASO3,,,,,,,,,,,,,,,,

EIP8,,,-0.0,-0.0,-0.0,-0.0,,,,,,,,,,

EIP7,,,-0.0,-0.0,-0.0,-0.0,,,,,,,,,,

MMS,20100329T233611.165,3,930.46,0.00,6.31,0.02,-0.03,0.16,-0.57,141.66,-0.00,-0.01,0.02,-0.06,2.06

NMASS,20100329T233612.700,3,7316,7859,4803,192,4,61.8,932.0,141.7,1,3,37.2,21.7,41.9,38.0

UCATS,20100329T233611,7,1588.5,83.2,350.7,318.6,22642,8199,913.3,45.9,1.3,,

UHSAS,20100330T003651.703,11,1.0,2.95,1.07,59.48,2.69,1.53,795.04,31.91,94.58,1559,1572.63,1038

ULH,20100330T003651.703,259,1352.65,36.50,-80.1,47.0,2176,1846,286,-14,34,62.0,69.0

EIP1,,,-0.0,-0.0,-0.0,-0.0,,,,,,,,,,

NOAA_GHIS,,,,,,,,,,,,,,,,

FCAS,20100329T233622.089,3,51,38,1,0,6.6,39.7,4606,28.2,919.6,0.05,31.0,32.2,0,0.0

EIP2,19700101T003555.000,2,2.1,1.8,1.6,0.5,0.3,0.0,0.0,0.0,5.6,5.6,0.0,0.0,27.3,21.1

EIP3,19700101T003455.000,,1.0,1.1,0.9,-0.0,,,,,,,,,,

EIP5,19700101T002657.000,2,2.5,2.8,4.3,1.3,0.0,0.0,0.0,0.0,0.0,0.0,0.0,0.0,0.2,17.8

EIP4,19700101T002437.000,,1.3,1.2,1.0,0.5,,,,,,,,,,

CPL,20100329T193621.000,1,768,5,0,0,0.00,0.00,0.00,0.00,0.00,0.00,0.00,0.00,0.00

EIP8,,,-0.0,-0.0,-0.0,-0.0,,,,,,,,,,

EIP6,20100329T233508.000,2,0.7,0.7,0.6,0.5,0.0,0.3,0.0,0.0,0.0,0.0,0.1,0.0,28.3,19.4

EIP7,,,-0.0,-0.0,-0.0,-0.0,,,,,,,,,,

MTP,,,,,,,,,,,,,,,,

NOAA_UASO3,,,,,,,,,,,,,,,,

NMASS,20100329T233622.750,3,7438,7826,4853,208,8,61.9,932.6,142.1,1,3,37.3,21.8,41.9,38.0

MMS,20100329T233621.165,3,930.50,0.00,6.31,0.02,-0.05,0.16,-0.56,141.67,-0.01,-0.02,0.02,0.02,2.05

UCATS,20100329T233622,7,1589.7,84.1,351.0,320.2,22385,8269,913.3,45.6,2.4,,

ULH,20100330T003701.703,259,248.26,36.55,-80.1,2498.0,594,1699,409,-14,34,62.0,69.0

UHSAS,20100330T003701.703,11,1.0,3.04,1.06,59.50,2.70,1.53,794.41,31.88,94.60,1373,1384.55,1038

EIP1,,,-0.0,0.0,-0.0,-0.0,,,,,,,,,,

EIP3,19700101T003455.000,,1.0,1.1,0.9,-0.0,,,,,,,,,,

NOAA_GHIS,,,,,,,,,,,,,,,,

EIP2,19700101T003555.000,2,1.9,1.7,1.5,0.4,0.3,0.0,0.0,0.0,5.6,5.6,0.0,0.0,27.3,21.1

FCAS,20100329T233622.089,3,51,38,1,0,6.6,39.7,4606,28.2,919.6,0.05,31.0,32.2,0,0.0

EIP5,19700101T002657.000,2,2.5,3.2,4.3,1.4,0.0,0.0,0.0,0.0,0.0,0.0,0.0,0.0,0.2,17.8

EIP4,19700101T002437.000,,1.3,1.2,1.0,0.5,,,,,,,,,,

CPL,20100329T193621.000,1,768,5,0,0,0.00,0.00,0.00,0.00,0.00,0.00,0.00,0.00,0.00

MTP,,,,,,,,,,,,,,,,

EIP6,20100329T233508.000,2,0.7,0.7,0.6,0.5,0.0,0.3,0.0,0.0,0.0,0.0,0.1,0.0,28.3,19.4

NMASS,20100329T233622.750,3,7438,7826,4853,208,8,61.9,932.6,142.1,1,3,37.3,21.8,41.9,38.0

EIP8,,,-0.0,-0.0,-0.0,-0.0,,,,,,,,,,

EIP7,,,-0.0,-0.0,-0.0,-0.0,,,,,,,,,,

MMS,20100329T233621.165,3,930.50,0.00,6.31,0.02,-0.05,0.16,-0.56,141.67,-0.01,-0.02,0.02,0.02,2.05

NOAA_UASO3,,,,,,,,,,,,,,,,

UCATS,20100329T233622,7,1589.7,84.1,351.0,320.2,22385,8269,913.3,45.6,2.4,,

UHSAS,20100330T003701.703,11,1.0,3.04,1.06,59.50,2.70,1.53,794.41,31.88,94.60,1373,1384.55,1038

ULH,20100330T003701.703,259,248.26,36.55,-80.1,2498.0,594,1699,409,-14,34,62.0,69.0

EIP1,,,-0.0,-0.0,0.0,-0.0,,,,,,,,,,

NOAA_GHIS,,,,,,,,,,,,,,,,

FCAS,20100329T233632.089,3,46,50,0,0,6.6,33.7,4719,28.1,918.1,0.06,31.0,32.2,0,0.0

EIP3,19700101T003455.000,,1.0,1.1,0.9,-0.0,,,,,,,,,,

CPL,20100329T193631.000,1,768,5,0,0,0.00,0.00,0.00,0.00,0.00,0.00,0.00,0.00,0.00

EIP5,19700101T002657.000,2,2.5,2.9,4.3,1.3,0.0,0.0,0.0,0.0,0.0,0.0,0.0,0.0,0.2,17.8

EIP4,19700101T002437.000,,1.3,1.2,1.0,0.5,,,,,,,,,,

EIP2,19700101T003555.000,2,2.0,1.8,1.7,0.4,0.3,0.0,0.0,0.0,5.6,5.6,0.0,0.0,27.3,21.1

MTP,,,,,,,,,,,,,,,,

EIP6,20100329T233508.000,2,0.7,0.7,0.6,0.5,0.0,0.3,0.0,0.0,0.0,0.0,0.1,0.0,28.3,19.4

MMS,20100329T233631.165,3,929.98,0.00,6.31,0.05,-0.06,0.17,-0.56,141.66,0.01,-0.03,0.01,-0.00,2.05

EIP8,,,-0.0,-0.0,-0.0,-0.0,,,,,,,,,,

EIP7,,,-0.0,-0.0,-0.0,-0.0,,,,,,,,,,

NMASS,20100329T233632.750,3,7113,8428,4812,348,4,62.3,932.6,141.7,1,3,37.3,22.0,42.0,39.0

NOAA_UASO3,,,,,,,,,,,,,,,,

UCATS,20100329T233631,7,1588.5,84.1,351.1,321.3,22754,22202,913.8,46.1,,,

ULH,20100330T003711.717,259,246.47,36.59,-80.1,2470.0,542,1753,406,-14,34,62.0,70.0

UHSAS,20100330T003711.717,11,1.0,2.93,1.07,59.50,2.70,1.53,794.38,31.89,94.55,1465,1477.33,1038

EIP1,,,-0.0,-0.0,0.0,-0.0,,,,,,,,,,

EIP3,19700101T003455.000,,1.0,1.1,0.9,-0.0,,,,,,,,,,

NOAA_GHIS,,,,,,,,,,,,,,,,

EIP2,19700101T003555.000,2,1.9,1.6,1.4,0.6,0.3,0.0,0.0,0.0,5.6,5.6,0.0,0.0,27.3,21.1

FCAS,20100329T233632.089,3,46,50,0,0,6.6,33.7,4719,28.1,918.1,0.06,31.0,32.2,0,0.0

EIP5,19700101T002657.000,2,2.5,2.8,4.3,1.3,0.0,0.0,0.0,0.0,0.0,0.0,0.0,0.0,0.2,17.8

EIP4,19700101T002437.000,,1.3,1.2,1.0,0.5,,,,,,,,,,

CPL,20100329T193631.000,1,768,5,0,0,0.00,0.00,0.00,0.00,0.00,0.00,0.00,0.00,0.00

MTP,,,,,,,,,,,,,,,,

EIP7,,,-0.0,-0.0,-0.0,-0.0,,,,,,,,,,

EIP6,20100329T233508.000,2,0.7,0.7,0.6,0.5,0.0,0.3,0.0,0.0,0.0,0.0,0.1,0.0,28.3,19.4

NMASS,20100329T233632.750,3,7113,8428,4812,348,4,62.3,932.6,141.7,1,3,37.3,22.0,42.0,39.0

EIP8,,,0.0,-0.0,0.0,-0.0,,,,,,,,,,

MMS,20100329T233631.165,3,929.98,0.00,6.31,0.05,-0.06,0.17,-0.56,141.66,0.01,-0.03,0.01,-0.00,2.05

NOAA_UASO3,,,,,,,,,,,,,,,,

UCATS,20100329T233641,7,1577.5,84.0,351.3,322.5,199999,13405,913.8,46.3,0.7,,

UHSAS,20100330T003721.703,11,1.0,2.97,1.06,59.51,2.69,1.53,794.55,31.93,94.52,1379,1390.37,1038

ULH,20100330T003721.703,259,234.95,36.63,-80.1,2452.0,556,1760,405,-15,34,62.0,69.0

EIP1,,,-0.0,-0.0,0.0,-0.0,,,,,,,,,,

NOAA_GHIS,,,,,,,,,,,,,,,,

FCAS,20100329T233642.079,3,47,39,0,0,6.6,39.8,4824,28.2,919.6,0.05,31.0,32.2,0,0.0

CPL,20100329T193641.000,1,768,5,0,0,0.00,0.00,0.00,0.00,0.00,0.00,0.00,0.00,0.00

EIP3,19700101T003455.000,,1.0,1.1,0.9,-0.0,,,,,,,,,,

EIP5,19700101T002657.000,2,2.4,2.7,4.3,1.3,0.0,0.0,0.0,0.0,0.0,0.0,0.0,0.0,0.2,17.8

EIP4,19700101T002437.000,,1.3,1.2,1.0,0.5,,,,,,,,,,

EIP2,19700101T003555.000,2,2.0,1.8,1.6,0.4,0.3,0.0,0.0,0.0,5.6,5.6,0.0,0.0,27.3,21.1

NOAA_UASO3,,,,,,,,,,,,,,,,

EIP6,20100329T233508.000,2,0.7,0.7,0.6,0.5,0.0,0.3,0.0,0.0,0.0,0.0,0.1,0.0,28.3,19.4

MMS,20100329T233641.165,3,929.94,0.00,6.31,0.07,-0.05,0.16,-0.58,141.70,0.00,-0.02,0.02,0.08,2.05

EIP7,,,-0.0,-0.0,-0.0,-0.0,,,,,,,,,,

EIP8,,,-0.0,-0.0,-0.0,-0.0,,,,,,,,,,

NMASS,20100329T233642.740,3,6788,8116,5104,199,0,62.3,932.0,141.6,1,2,37.4,22.2,42.0,38.0

MTP,,,,,,,,,,,,,,,,

UCATS,20100329T233647,7,1594.6,83.4,351.3,323.5,197659,9200,913.3,46.6,1.1,,

UHSAS,20100330T003726.717,11,1.0,2.95,1.07,59.43,2.70,1.53,794.65,31.98,94.53,1365,1378.07,1038

ULH,20100330T003726.717,259,246.30,36.66,-80.1,2449.0,569,1743,406,-14,34,62.0,70.0

EIP1,,,-0.0,-0.0,0.0,-0.0,,,,,,,,,,

EIP3,19700101T003455.000,,1.0,1.1,0.9,-0.0,,,,,,,,,,

NOAA_GHIS,,,,,,,,,,,,,,,,

FCAS,20100329T233647.079,3,50,42,0,0,6.5,38.1,4869,28.2,920.1,0.05,31.0,32.2,0,0.0

EIP2,19700101T003555.000,2,1.8,1.6,1.4,0.4,0.3,0.0,0.0,0.0,5.6,5.6,0.0,0.0,27.3,21.1

EIP5,19700101T002657.000,2,0.8,1.1,2.5,1.4,0.0,0.0,0.0,0.0,0.0,0.0,0.0,0.0,0.2,17.8

EIP4,19700101T002437.000,,1.3,1.2,1.0,0.5,,,,,,,,,,

CPL,20100329T193646.000,1,768,5,0,0,0.00,0.00,0.00,0.00,0.00,0.00,0.00,0.00,0.00

EIP7,,,-0.0,-0.0,-0.0,-0.0,,,,,,,,,,

EIP6,20100329T233508.000,2,0.7,0.7,0.6,0.5,0.0,0.3,0.0,0.0,0.0,0.0,0.1,0.0,28.3,19.4

MTP,20100329T233647.000,3,10074,12229,13797,8810,10566,12288,8722,10471,12203,4250440.0,-2.918390e-05,0.000000e+00,8.178398e-41,1

NMASS,20100329T233647.740,3,7145,7877,4920,182,0,62.1,932.5,142.0,1,2,37.4,22.2,42.0,39.0

EIP8,,,-0.0,-0.0,-0.0,-0.0,,,,,,,,,,

NOAA_UASO3,,,,,,,,,,,,,,,,

MMS,20100329T233646.165,3,930.38,0.00,6.31,0.04,-0.04,0.16,-0.58,141.71,0.01,-0.01,-0.01,-0.02,2.05

UCATS,20100329T233652,7,1592.2,84.2,351.6,324.0,46210,8438,913.3,46.3,1.1,,

UHSAS,20100330T003731.703,11,1.0,2.90,1.06,59.50,2.70,1.53,794.51,31.98,94.58,1470,1482.25,1038

ULH,20100330T003731.703,259,224.38,36.67,-80.1,2448.0,556,1761,405,-14,34,62.0,70.0

EIP1,,,-0.0,-0.0,0.0,-0.0,,,,,,,,,,

NOAA_GHIS,,,,,,,,,,,,,,,,

FCAS,20100329T233652.079,3,46,38,1,0,6.5,37.6,4736,28.2,919.6,0.06,31.0,32.2,0,0.0

EIP3,19700101T003455.000,,1.0,1.2,1.0,-0.0,,,,,,,,,,

CPL,20100329T193651.000,1,768,5,0,0,0.00,0.00,0.00,0.00,0.00,0.00,0.00,0.00,0.00

EIP5,19700101T002657.000,2,0.8,1.5,2.6,1.4,0.0,0.0,0.0,0.0,0.0,0.0,0.0,0.0,0.2,17.8

EIP4,19700101T002437.000,,1.3,1.2,1.0,0.4,,,,,,,,,,

EIP2,19700101T003555.000,2,2.3,2.0,1.8,0.5,0.3,0.0,0.0,0.0,5.6,5.6,0.0,0.0,27.3,21.1

EIP6,20100329T233508.000,2,0.7,0.7,0.6,0.5,0.0,0.3,0.0,0.0,0.0,0.0,0.1,0.0,28.3,19.4

MTP,20100329T233647.000,3,10074,12229,13797,8810,10566,12288,8722,10471,12203,4250440.0,-2.918390e-05,0.000000e+00,8.178398e-41,1

MMS,20100329T233651.165,3,929.86,0.00,6.31,-0.03,-0.07,0.15,-0.57,141.73,0.00,-0.00,0.01,-0.02,2.05

EIP8,,,0.0,-0.0,-0.0,0.0,,,,,,,,,,

EIP7,,,-0.0,-0.0,-0.0,-0.0,,,,,,,,,,

NOAA_UASO3,,,,,,,,,,,,,,,,

NMASS,20100329T233648.730,3,7340,7886,5022,252,4,62.1,932.4,141.0,1,2,37.4,22.3,42.0,38.0

UCATS,20100329T233656,7,1600.7,84.3,351.7,324.5,34203,8192,913.3,46.1,2.4,,

ULH,20100330T003736.703,259,218.21,36.72,-80.1,2493.0,515,1778,404,-14,34,62.0,70.0

UHSAS,20100330T003736.703,11,1.0,2.90,1.06,59.51,2.70,1.53,794.53,32.05,94.47,1486,1498.26,1038

EIP1,,,-0.0,-0.0,0.0,-0.0,,,,,,,,,,

EIP3,19700101T003455.000,,1.0,1.2,1.0,-0.0,,,,,,,,,,

NOAA_GHIS,,,,,,,,,,,,,,,,

FCAS,20100329T233657.079,3,45,42,1,1,6.7,38.7,4633,28.2,919.1,0.05,31.0,32.2,0,0.0

EIP2,19700101T003555.000,2,2.3,2.0,1.8,0.5,0.3,0.0,0.0,0.0,5.6,5.6,0.0,0.0,27.3,21.1

EIP5,19700101T002657.000,2,0.8,1.5,2.6,1.4,0.0,0.0,0.0,0.0,0.0,0.0,0.0,0.0,0.2,17.8

EIP4,19700101T002437.000,,1.3,1.2,1.0,0.4,,,,,,,,,,

CPL,20100329T193656.000,1,768,5,0,0,0.00,0.00,0.00,0.00,0.00,0.00,0.00,0.00,0.00

NOAA_UASO3,,,,,,,,,,,,,,,,

EIP6,20100329T233508.000,2,0.7,0.7,0.5,0.5,0.0,0.3,0.0,0.0,0.0,0.0,0.1,0.0,28.3,19.4

NMASS,20100329T233648.730,3,7340,7886,5022,252,4,62.1,932.4,141.0,1,2,37.4,22.3,42.0,38.0

EIP7,,,-0.0,-0.0,-0.0,-0.0,,,,,,,,,,

EIP8,,,-0.0,-0.0,-0.0,-0.0,,,,,,,,,,

MMS,20100329T233701.165,3,930.26,0.00,6.31,0.02,-0.06,0.16,-0.57,141.71,-0.00,0.00,0.01,0.07,2.05

MTP,20100329T233700.000,3,10074,12226,13793,8815,10566,12292,8715,10461,12197,9.5,3.274770e+01,4.465180e+01,0.000000e+00,2

UCATS,20100329T233701,7,1599.5,83.2,351.7,325.1,29931,8624,913.8,46.5,2.4,,

UHSAS,20100330T003741.703,11,1.0,2.91,1.06,59.49,2.69,1.53,794.46,32.03,94.44,1237,1247.61,1038

ULH,20100330T003741.703,259,211.87,36.71,-80.1,2477.0,496,1823,401,-15,34,62.0,70.5

EIP1,,,-0.0,-0.0,-0.0,-0.0,,,,,,,,,,

NOAA_GHIS,,,,,,,,,,,,,,,,

FCAS,20100329T233702.079,3,53,38,1,0,6.6,36.9,4766,28.2,919.6,0.05,32.0,32.2,0,0.0

EIP2,19700101T003555.000,2,2.1,1.9,1.7,0.4,0.3,0.0,0.0,0.0,5.6,5.6,0.0,0.0,27.3,21.1

EIP3,19700101T003455.000,,1.0,1.1,0.9,-0.0,,,,,,,,,,

EIP5,19700101T002657.000,2,0.8,1.1,2.5,1.4,0.0,0.0,0.0,0.0,0.0,0.0,0.0,0.0,0.2,17.8

EIP4,19700101T002437.000,,1.3,1.2,1.0,0.5,,,,,,,,,,

CPL,20100329T193701.000,1,768,5,0,0,0.00,0.00,0.00,0.00,0.00,0.00,0.00,0.00,0.00

EIP6,20100329T233508.000,2,0.7,0.7,0.6,0.5,0.0,0.3,0.0,0.0,0.0,0.0,0.1,0.0,28.3,19.4

MTP,20100329T233700.000,3,10074,12226,13793,8815,10566,12292,8715,10461,12197,9.5,3.274770e+01,4.465180e+01,0.000000e+00,2

EIP8,,,-0.0,-0.0,0.0,-0.0,,,,,,,,,,

MMS,20100329T233701.165,3,930.26,0.00,6.31,0.02,-0.06,0.16,-0.57,141.71,-0.00,0.00,0.01,0.07,2.05

EIP7,,,0.0,-0.0,-0.0,-0.0,,,,,,,,,,

NOAA_UASO3,,,,,,,,,,,,,,,,

NMASS,20100329T233648.730,3,7340,7886,5022,252,4,62.1,932.4,141.0,1,2,37.4,22.3,42.0,38.0

UCATS,20100329T233706,7,1602.0,84.6,351.7,326.2,27439,9019,913.3,46.0,2.6,,

UHSAS,20100330T003746.703,11,1.0,2.91,1.06,59.52,2.70,1.53,794.53,32.05,94.55,1287,1297.46,1038

ULH,20100330T003746.703,259,224.80,36.77,-80.1,2460.0,558,1731,407,-14,34,62.0,70.0

EIP1,,,-0.0,-0.0,-0.0,-0.0,,,,,,,,,,

EIP3,19700101T003455.000,,1.0,1.1,0.9,-0.0,,,,,,,,,,

NOAA_GHIS,,,,,,,,,,,,,,,,

EIP2,19700101T003555.000,2,1.7,1.6,1.3,0.4,0.3,0.0,0.0,0.0,5.6,5.6,0.0,0.0,27.3,21.1

FCAS,20100329T233707.079,3,46,34,1,0,6.6,38.5,4785,28.2,919.6,0.06,31.0,32.2,0,0.0

EIP5,19700101T002657.000,2,0.8,1.1,2.5,1.4,0.0,0.0,0.0,0.0,0.0,0.0,0.0,0.0,0.2,17.8

EIP4,19700101T002437.000,,1.3,1.2,1.0,0.5,,,,,,,,,,

CPL,20100329T193706.000,1,768,5,0,0,0.00,0.00,0.00,0.00,0.00,0.00,0.00,0.00,0.00

EIP7,,,-0.0,-0.0,-0.0,-0.0,,,,,,,,,,

EIP6,20100329T233508.000,2,0.7,0.7,0.6,0.5,0.0,0.3,0.0,0.0,0.0,0.0,0.1,0.0,28.3,19.4

MTP,20100329T233700.000,3,10074,12226,13793,8815,10566,12292,8715,10461,12197,9.5,3.274770e+01,4.465180e+01,0.000000e+00,2

NMASS,20100329T233648.730,3,7340,7886,5022,252,4,62.1,932.4,141.0,1,2,37.4,22.3,42.0,38.0

MMS,20100329T233706.165,3,930.06,0.00,6.31,0.04,-0.01,0.16,-0.58,141.73,0.00,0.00,-0.00,0.11,2.05

EIP8,,,-0.0,-0.0,-0.0,-0.0,,,,,,,,,,

NOAA_UASO3,,,,,,,,,,,,,,,,

UCATS,20100329T233712,7,1592.2,83.2,351.8,326.7,26141,8893,913.8,46.1,2.6,,

UHSAS,20100330T003751.703,11,1.0,2.89,1.06,59.45,2.70,1.53,794.26,32.07,94.44,1034,1043.60,1038

ULH,20100330T003751.703,259,220.64,36.79,-80.1,2479.0,538,1773,405,-14,34,62.0,70.0

EIP1,,,-0.0,-0.0,-0.0,-0.0,,,,,,,,,,

NOAA_GHIS,,,,,,,,,,,,,,,,

FCAS,20100329T233712.069,3,66,36,3,0,6.7,33.7,4778,28.2,919.6,0.05,31.0,32.2,0,0.0

CPL,20100329T193711.000,1,768,5,0,0,0.00,0.00,0.00,0.00,0.00,0.00,0.00,0.00,0.00

EIP3,19700101T003455.000,,1.0,1.1,0.9,-0.0,,,,,,,,,,

EIP5,19700101T002657.000,2,0.8,1.1,2.6,1.4,0.0,0.0,0.0,0.0,0.0,0.0,0.0,0.0,0.2,17.8

EIP4,19700101T002437.000,,1.3,1.2,1.0,0.5,,,,,,,,,,

EIP2,19700101T003555.000,2,2.1,2.0,1.8,0.4,0.3,0.0,0.0,0.0,5.6,5.6,0.0,0.0,27.3,21.1

EIP6,20100329T233508.000,2,0.7,0.7,0.6,0.5,0.0,0.3,0.0,0.0,0.0,0.0,0.1,0.0,28.3,19.4

MTP,20100329T233700.000,3,10074,12226,13793,8815,10566,12292,8715,10461,12197,9.5,3.274770e+01,4.465180e+01,0.000000e+00,2

MMS,20100329T233711.165,3,930.06,0.00,6.31,0.03,0.02,0.16,-0.58,141.74,-0.00,0.01,-0.01,-0.09,2.05

EIP8,,,-0.0,-0.0,-0.0,-0.0,,,,,,,,,,

EIP7,,,-0.0,-0.0,-0.0,-0.0,,,,,,,,,,

NOAA_UASO3,,,,,,,,,,,,,,,,

NMASS,20100329T233648.730,3,7340,7886,5022,252,4,62.1,932.4,141.0,1,2,37.4,22.3,42.0,38.0

UCATS,20100329T233717,7,1598.3,84.4,351.8,327.2,27468,20891,913.3,46.3,3.2,,

UHSAS,20100330T003756.703,11,1.0,2.86,1.07,59.54,2.69,1.53,794.36,32.07,94.49,939,946.28,1038

ULH,20100330T003756.703,259,229.09,36.78,-80.1,2483.0,542,1788,405,-14,34,62.0,70.0

EIP1,,,-0.0,-0.0,-0.0,-0.0,,,,,,,,,,

EIP3,19700101T003455.000,,1.0,1.1,0.9,-0.0,,,,,,,,,,

NOAA_GHIS,,,,,,,,,,,,,,,,

FCAS,20100329T233717.069,3,69,42,1,2,6.5,33.8,4777,28.2,921.1,0.05,32.0,32.2,0,0.0

EIP2,19700101T003555.000,2,1.8,1.6,1.4,0.5,0.3,0.0,0.0,0.0,5.6,5.6,0.0,0.0,27.3,21.1

EIP5,19700101T002657.000,2,0.8,1.5,2.5,1.4,0.0,0.0,0.0,0.0,0.0,0.0,0.0,0.0,0.2,17.8

EIP4,19700101T002437.000,,1.3,1.2,1.0,0.5,,,,,,,,,,

CPL,20100329T193716.000,1,768,5,0,0,0.00,0.00,0.00,0.00,0.00,0.00,0.00,0.00,0.00

EIP7,,,-0.0,-0.0,-0.0,-0.0,,,,,,,,,,

EIP6,20100329T233508.000,2,0.7,0.7,0.6,0.5,0.0,0.3,0.0,0.0,0.0,0.0,0.1,0.0,28.3,19.4

MTP,20100329T233713.000,3,10070,12227,13803,8814,10561,12288,8708,10457,12186,9.5,3.265920e+01,4.471450e+01,3.000000e+00,3

NMASS,20100329T233648.730,3,7340,7886,5022,252,4,62.1,932.4,141.0,1,2,37.4,22.3,42.0,38.0

MMS,20100329T233716.165,3,930.16,0.00,6.31,0.01,-0.02,0.16,-0.57,141.74,-0.01,-0.01,-0.01,-0.00,2.05

EIP8,,,0.0,-0.0,0.0,-0.0,,,,,,,,,,

NOAA_UASO3,,,,,,,,,,,,,,,,

UCATS,20100329T233721,7,1584.9,83.5,352.2,327.7,25437,8710,913.3,46.6,3.2,,

UHSAS,20100330T003801.703,11,1.0,2.89,1.06,59.56,2.69,1.53,794.21,32.07,94.53,1047,1054.73,1038

ULH,20100330T003801.703,259,249.23,36.81,-80.1,2450.0,596,1659,409,-15,34,62.0,70.5

EIP1,,,-0.0,-0.0,-0.0,-0.0,,,,,,,,,,

NOAA_GHIS,,,,,,,,,,,,,,,,

FCAS,20100329T233722.069,3,64,46,1,2,6.5,34.6,4992,28.3,919.1,0.05,31.0,32.2,0,0.0

EIP3,19700101T003455.000,,1.0,1.1,0.9,-0.0,,,,,,,,,,

CPL,20100329T193721.000,1,768,5,0,0,0.00,0.00,0.00,0.00,0.00,0.00,0.00,0.00,0.00

EIP4,19700101T002437.000,,1.3,1.2,1.0,0.5,,,,,,,,,,

EIP5,19700101T002657.000,2,0.8,1.1,2.5,1.4,0.0,0.0,0.0,0.0,0.0,0.0,0.0,0.0,0.2,17.8

EIP2,19700101T003555.000,2,2.1,1.9,1.7,0.5,0.3,0.0,0.0,0.0,5.6,5.6,0.0,0.0,27.3,21.1

EIP6,20100329T233508.000,2,0.7,0.7,0.6,0.5,0.0,0.3,0.0,0.0,0.0,0.0,0.1,0.0,28.3,19.4

MTP,20100329T233713.000,3,10070,12227,13803,8814,10561,12288,8708,10457,12186,9.5,3.265920e+01,4.471450e+01,3.000000e+00,3

MMS,20100329T233721.165,3,930.46,0.00,6.31,0.03,-0.00,0.15,-0.56,141.75,-0.02,-0.01,0.01,0.07,2.04

EIP8,,,-0.0,-0.0,-0.0,-0.0,,,,,,,,,,

EIP7,,,-0.0,-0.0,-0.0,-0.0,,,,,,,,,,

NOAA_UASO3,,,,,,,,,,,,,,,,

NMASS,20100329T233648.730,3,7340,7886,5022,252,4,62.1,932.4,141.0,1,2,37.4,22.3,42.0,38.0

UCATS,20100329T233726,7,1599.5,83.9,352.2,328.3,24361,9838,913.3,46.6,2.2,,

ULH,20100330T003806.703,259,229.94,36.84,-80.1,2501.0,544,1787,405,-14,34,62.0,70.0

UHSAS,20100330T003806.703,11,1.0,2.87,1.06,59.46,2.69,1.53,794.55,32.07,94.51,1046,1055.54,1038

EIP1,,,-0.0,-0.0,-0.0,-0.0,,,,,,,,,,

EIP3,19700101T003455.000,,1.0,1.1,0.9,-0.0,,,,,,,,,,

NOAA_GHIS,,,,,,,,,,,,,,,,

FCAS,20100329T233727.069,3,57,50,3,0,6.6,33.7,4825,28.2,919.6,0.05,32.0,32.3,0,0.0

EIP2,19700101T003555.000,2,1.8,1.6,1.4,0.4,0.3,0.0,0.0,0.0,5.6,5.6,0.0,0.0,27.3,21.1

EIP5,19700101T002657.000,2,0.8,1.1,2.5,1.4,0.0,0.0,0.0,0.0,0.0,0.0,0.0,0.0,0.2,17.8

EIP4,19700101T002437.000,,1.3,1.2,1.0,0.5,,,,,,,,,,

CPL,20100329T193726.000,1,768,5,0,0,0.00,0.00,0.00,0.00,0.00,0.00,0.00,0.00,0.00

EIP6,20100329T233508.000,2,0.7,0.7,0.6,0.5,0.0,0.3,0.0,0.0,0.0,0.0,0.1,0.0,28.3,19.4

MTP,20100329T233727.000,3,10078,12224,13797,8808,10569,12294,8712,10452,12188,9.5,3.270340e+01,4.474590e+01,1.000000e+00,4

NMASS,20100329T233648.730,3,7340,7886,5022,252,4,62.1,932.4,141.0,1,2,37.4,22.3,42.0,38.0

EIP7,,,-0.0,-0.0,-0.0,-0.0,,,,,,,,,,

MMS,20100329T233726.165,3,930.52,0.00,6.31,0.00,-0.01,0.16,-0.56,141.75,-0.01,-0.01,-0.01,0.00,2.04

NOAA_UASO3,,,,,,,,,,,,,,,,

EIP8,,,-0.0,-0.0,-0.0,-0.0,,,,,,,,,,

UCATS,20100329T233726,7,1599.5,83.9,352.2,328.3,24361,9838,913.3,46.6,2.2,,

UHSAS,20100330T003806.703,11,1.0,2.87,1.06,59.46,2.69,1.53,794.55,32.07,94.51,1046,1055.54,1038

ULH,20100330T003806.703,259,229.94,36.84,-80.1,2501.0,544,1787,405,-14,34,62.0,70.0

EIP1,,,-0.0,-0.0,0.0,-0.0,,,,,,,,,,

NOAA_GHIS,,,,,,,,,,,,,,,,

FCAS,20100329T233727.069,3,57,50,3,0,6.6,33.7,4825,28.2,919.6,0.05,32.0,32.3,0,0.0

EIP2,19700101T003555.000,2,2.2,2.0,1.8,0.5,0.3,0.0,0.0,0.0,5.6,5.6,0.0,0.0,27.3,21.1

EIP3,19700101T003455.000,,1.0,1.1,0.9,-0.0,,,,,,,,,,

EIP5,19700101T002657.000,2,0.8,1.1,2.5,1.4,0.0,0.0,0.0,0.0,0.0,0.0,0.0,0.0,0.2,17.8

EIP4,19700101T002437.000,,1.3,1.2,1.0,0.5,,,,,,,,,,

CPL,20100329T193726.000,1,768,5,0,0,0.00,0.00,0.00,0.00,0.00,0.00,0.00,0.00,0.00

EIP6,20100329T233508.000,2,0.7,0.7,0.6,0.5,0.0,0.3,0.0,0.0,0.0,0.0,0.1,0.0,28.3,19.4

MTP,20100329T233727.000,3,10078,12224,13797,8808,10569,12294,8712,10452,12188,9.5,3.270340e+01,4.474590e+01,1.000000e+00,4

EIP8,,,-0.0,-0.0,-0.0,-0.0,,,,,,,,,,

MMS,20100329T233726.165,3,930.52,0.00,6.31,0.00,-0.01,0.16,-0.56,141.75,-0.01,-0.01,-0.01,0.00,2.04

EIP7,,,-0.0,-0.0,-0.0,-0.0,,,,,,,,,,

NOAA_UASO3,,,,,,,,,,,,,,,,

NMASS,20100329T233648.730,3,7340,7886,5022,252,4,62.1,932.4,141.0,1,2,37.4,22.3,42.0,38.0

UCATS,20100329T233726,7,1599.5,83.9,352.2,328.3,24361,9838,913.3,46.6,2.2,,

ULH,20100330T003806.703,259,229.94,36.84,-80.1,2501.0,544,1787,405,-14,34,62.0,70.0

UHSAS,20100330T003806.703,11,1.0,2.87,1.06,59.46,2.69,1.53,794.55,32.07,94.51,1046,1055.54,1038

EIP1,,,-0.0,-0.0,-0.0,-0.0,,,,,,,,,,

EIP3,19700101T003455.000,,1.0,1.1,0.9,-0.0,,,,,,,,,,

NOAA_GHIS,,,,,,,,,,,,,,,,

EIP2,19700101T003555.000,2,1.8,1.6,1.4,0.4,0.3,0.0,0.0,0.0,5.6,5.6,0.0,0.0,27.3,21.1

FCAS,20100329T233727.069,3,57,50,3,0,6.6,33.7,4825,28.2,919.6,0.05,32.0,32.3,0,0.0

EIP5,19700101T002657.000,2,0.8,1.3,2.5,1.4,0.0,0.0,0.0,0.0,0.0,0.0,0.0,0.0,0.2,17.8

EIP4,19700101T002437.000,,1.3,1.2,1.0,0.5,,,,,,,,,,

CPL,20100329T193726.000,1,768,5,0,0,0.00,0.00,0.00,0.00,0.00,0.00,0.00,0.00,0.00

EIP7,,,-0.0,-0.0,-0.0,-0.0,,,,,,,,,,

EIP6,20100329T233508.000,2,0.7,0.7,0.6,0.5,0.0,0.3,0.0,0.0,0.0,0.0,0.1,0.0,28.3,19.4

MTP,20100329T233727.000,3,10078,12224,13797,8808,10569,12294,8712,10452,12188,9.5,3.270340e+01,4.474590e+01,1.000000e+00,4

NOAA_UASO3,,,,,,,,,,,,,,,,

EIP8,,,-0.0,-0.0,-0.0,-0.0,,,,,,,,,,

MMS,20100329T233726.165,3,930.52,0.00,6.31,0.00,-0.01,0.16,-0.56,141.75,-0.01,-0.01,-0.01,0.00,2.04

NMASS,20100329T233648.730,3,7340,7886,5022,252,4,62.1,932.4,141.0,1,2,37.4,22.3,42.0,38.0

UCATS,20100329T233726,7,1599.5,83.9,352.2,328.3,24361,9838,913.3,46.6,2.2,,

UHSAS,20100330T003806.703,11,1.0,2.87,1.06,59.46,2.69,1.53,794.55,32.07,94.51,1046,1055.54,1038

ULH,20100330T003806.703,259,229.94,36.84,-80.1,2501.0,544,1787,405,-14,34,62.0,70.0

EIP1,,,-0.0,-0.0,-0.0,-0.0,,,,,,,,,,

NOAA_GHIS,,,,,,,,,,,,,,,,

EIP3,19700101T003455.000,,1.1,1.2,0.9,-0.0,,,,,,,,,,

EIP4,19700101T002437.000,,1.3,1.2,1.0,0.5,,,,,,,,,,

FCAS,20100329T233727.069,3,57,50,3,0,6.6,33.7,4825,28.2,919.6,0.05,32.0,32.3,0,0.0

EIP5,19700101T002657.000,2,0.8,1.1,2.5,1.4,0.0,0.0,0.0,0.0,0.0,0.0,0.0,0.0,0.2,17.8

CPL,20100329T193726.000,1,768,5,0,0,0.00,0.00,0.00,0.00,0.00,0.00,0.00,0.00,0.00

EIP2,19700101T003555.000,2,2.2,2.0,1.8,0.4,0.3,0.0,0.0,0.0,5.6,5.6,0.0,0.0,27.3,21.1

MTP,20100329T233727.000,3,10078,12224,13797,8808,10569,12294,8712,10452,12188,9.5,3.270340e+01,4.474590e+01,1.000000e+00,4

EIP7,,,-0.0,-0.0,-0.0,-0.0,,,,,,,,,,

EIP6,20100329T233508.000,2,0.7,0.7,0.6,0.5,0.0,0.3,0.0,0.0,0.0,0.0,0.1,0.0,28.3,19.4

NMASS,20100329T233648.730,3,7340,7886,5022,252,4,62.1,932.4,141.0,1,2,37.4,22.3,42.0,38.0

EIP8,,,-0.0,-0.0,0.0,0.0,,,,,,,,,,

MMS,20100329T233726.165,3,930.52,0.00,6.31,0.00,-0.01,0.16,-0.56,141.75,-0.01,-0.01,-0.01,0.00,2.04

NOAA_UASO3,,,,,,,,,,,,,,,,

UCATS,20100329T233726,7,1599.5,83.9,352.2,328.3,24361,9838,913.3,46.6,2.2,,

UHSAS,20100330T003806.703,11,1.0,2.87,1.06,59.46,2.69,1.53,794.55,32.07,94.51,1046,1055.54,1038

ULH,20100330T003806.703,259,229.94,36.84,-80.1,2501.0,544,1787,405,-14,34,62.0,70.0

EIP1,,,-0.0,-0.0,-0.0,-0.0,,,,,,,,,,

NOAA_GHIS,,,,,,,,,,,,,,,,

EIP3,19700101T003455.000,,1.0,1.1,0.9,-0.0,,,,,,,,,,

CPL,20100329T193726.000,1,768,5,0,0,0.00,0.00,0.00,0.00,0.00,0.00,0.00,0.00,0.00

FCAS,20100329T233727.069,3,57,50,3,0,6.6,33.7,4825,28.2,919.6,0.05,32.0,32.3,0,0.0

EIP5,19700101T002657.000,2,0.8,1.1,2.6,1.4,0.0,0.0,0.0,0.0,0.0,0.0,0.0,0.0,0.2,17.8

EIP4,19700101T002437.000,,1.3,1.2,1.0,0.5,,,,,,,,,,

EIP2,19700101T003555.000,2,2.0,1.7,1.5,0.5,0.3,0.0,0.0,0.0,5.6,5.6,0.0,0.0,27.3,21.1

NOAA_UASO3,,,,,,,,,,,,,,,,

EIP6,20100329T233508.000,2,0.7,0.7,0.6,0.5,0.0,0.3,0.0,0.0,0.0,0.0,0.1,0.0,28.3,19.4

EIP8,,,-0.0,-0.0,-0.0,-0.0,,,,,,,,,,

EIP7,,,-0.0,-0.0,-0.0,-0.0,,,,,,,,,,

NMASS,20100329T233648.730,3,7340,7886,5022,252,4,62.1,932.4,141.0,1,2,37.4,22.3,42.0,38.0

MMS,20100329T233726.165,3,930.52,0.00,6.31,0.00,-0.01,0.16,-0.56,141.75,-0.01,-0.01,-0.01,0.00,2.04

MTP,20100329T233727.000,3,10078,12224,13797,8808,10569,12294,8712,10452,12188,9.5,3.270340e+01,4.474590e+01,1.000000e+00,4

UCATS,20100329T233726,7,1599.5,83.9,352.2,328.3,24361,9838,913.3,46.6,2.2,,

UHSAS,20100330T003806.703,11,1.0,2.87,1.06,59.46,2.69,1.53,794.55,32.07,94.51,1046,1055.54,1038

ULH,20100330T003806.703,259,229.94,36.84,-80.1,2501.0,544,1787,405,-14,34,62.0,70.0

EIP1,,,-0.0,-0.0,-0.0,-0.0,,,,,,,,,,

NOAA_GHIS,,,,,,,,,,,,,,,,

CPL,20100329T193726.000,1,768,5,0,0,0.00,0.00,0.00,0.00,0.00,0.00,0.00,0.00,0.00

FCAS,20100329T233727.069,3,57,50,3,0,6.6,33.7,4825,28.2,919.6,0.05,32.0,32.3,0,0.0

EIP3,19700101T003455.000,,1.0,1.1,0.9,-0.0,,,,,,,,,,

EIP5,19700101T002657.000,2,0.8,1.6,2.6,1.4,0.0,0.0,0.0,0.0,0.0,0.0,0.0,0.0,0.2,17.8

EIP4,19700101T002437.000,,1.3,1.2,1.0,0.5,,,,,,,,,,

EIP2,19700101T003555.000,2,2.0,1.8,1.7,0.4,0.3,0.0,0.0,0.0,5.6,5.6,0.0,0.0,27.3,21.1

EIP7,,,-0.0,-0.0,-0.0,-0.0,,,,,,,,,,

EIP6,20100329T233508.000,2,0.7,0.7,0.6,0.5,0.0,0.3,0.0,0.0,0.0,0.0,0.1,0.0,28.3,19.4

MTP,20100329T233727.000,3,10078,12224,13797,8808,10569,12294,8712,10452,12188,9.5,3.270340e+01,4.474590e+01,1.000000e+00,4

NMASS,20100329T233648.730,3,7340,7886,5022,252,4,62.1,932.4,141.0,1,2,37.4,22.3,42.0,38.0

MMS,20100329T233726.165,3,930.52,0.00,6.31,0.00,-0.01,0.16,-0.56,141.75,-0.01,-0.01,-0.01,0.00,2.04

EIP8,,,-0.0,-0.0,0.0,-0.0,,,,,,,,,,

NOAA_UASO3,,,,,,,,,,,,,,,,

UCATS,20100329T233726,7,1599.5,83.9,352.2,328.3,24361,9838,913.3,46.6,2.2,,

ULH,20100330T003806.703,259,229.94,36.84,-80.1,2501.0,544,1787,405,-14,34,62.0,70.0

UHSAS,20100330T003806.703,11,1.0,2.87,1.06,59.46,2.69,1.53,794.55,32.07,94.51,1046,1055.54,1038

EIP1,,,-0.0,-0.0,-0.0,-0.0,,,,,,,,,,

EIP3,19700101T003455.000,,1.0,1.1,0.9,-0.0,,,,,,,,,,

NOAA_GHIS,,,,,,,,,,,,,,,,

FCAS,20100329T233757.059,3,56,36,1,0,6.6,36.5,4837,28.3,919.6,0.05,32.0,32.3,0,0.0

CPL,20100329T193756.000,1,768,5,0,0,0.00,0.00,0.00,0.00,0.00,0.00,0.00,0.00,0.00

EIP5,19700101T002657.000,2,0.8,1.1,2.5,1.4,0.0,0.0,0.0,0.0,0.0,0.0,0.0,0.0,0.2,17.8

EIP4,19700101T002437.000,,1.3,1.2,1.0,0.5,,,,,,,,,,

EIP2,19700101T003555.000,2,1.9,1.7,1.5,0.4,0.3,0.0,0.0,0.0,5.6,5.6,0.0,0.0,27.3,21.1

EIP7,,,-0.0,-0.0,-0.0,-0.0,,,,,,,,,,

MTP,20100329T233753.000,3,10088,12233,13803,8822,10570,12302,8712,10451,12196,9.5,3.261490e+01,4.468310e+01,3.000000e+00,6

EIP6,20100329T233508.000,2,0.7,0.7,0.6,0.5,0.0,0.3,0.0,0.0,0.0,0.0,0.1,0.0,28.3,19.4

NMASS,20100329T233648.730,,,,,,,,,,,,,,,

MMS,20100329T233756.165,3,930.22,0.00,6.31,0.05,-0.05,0.17,-0.57,141.79,0.01,-0.00,0.00,-0.02,2.04

EIP8,,,-0.0,-0.0,0.0,-0.0,,,,,,,,,,

NOAA_UASO3,,,,,,,,,,,,,,,,

UCATS,20100329T233801,7,1597.1,84.3,353.0,333.2,22873,9316,913.8,46.3,2.4,,

UHSAS,20100330T003841.703,11,1.0,2.89,1.07,59.45,2.66,1.53,794.48,32.24,94.59,924,932.58,1038

ULH,20100330T003841.703,259,233.40,36.99,-80.1,2414.0,515,1648,407,-14,34,62.0,70.5

EIP1,,,-0.0,-0.0,-0.0,-0.0,,,,,,,,,,

NOAA_GHIS,,,,,,,,,,,,,,,,

EIP3,19700101T003455.000,,1.0,1.1,0.9,-0.0,,,,,,,,,,

CPL,20100329T193801.000,1,768,5,0,0,0.00,0.00,0.00,0.00,0.00,0.00,0.00,0.00,0.00

FCAS,20100329T233802.059,3,53,46,1,0,6.6,37.8,4889,28.3,920.1,0.05,32.0,32.3,0,0.0

EIP5,19700101T002657.000,2,0.8,1.1,2.6,1.4,0.0,0.0,0.0,0.0,0.0,0.0,0.0,0.0,0.2,17.8

EIP4,19700101T002437.000,,1.3,1.2,1.0,0.5,,,,,,,,,,

EIP2,19700101T003555.000,2,2.2,1.8,1.7,0.6,0.3,0.0,0.0,0.0,5.6,5.6,0.0,0.0,27.3,21.1

NOAA_UASO3,,,,,,,,,,,,,,,,

EIP7,,,-0.0,-0.0,-0.0,-0.0,,,,,,,,,,

EIP6,20100329T233508.000,2,0.7,0.7,0.6,0.5,0.0,0.3,0.0,0.0,0.0,0.0,0.1,0.0,28.3,19.4

NMASS,20100329T233648.730,,,,,,,,,,,,,,,

EIP8,,,-0.0,-0.0,-0.0,-0.0,,,,,,,,,,

MMS,20100329T233801.165,3,930.38,0.00,6.31,0.03,-0.03,0.17,-0.57,141.79,0.01,-0.01,-0.01,0.00,2.04

MTP,20100329T233753.000,3,10088,12233,13803,8822,10570,12302,8712,10451,12196,9.5,3.261490e+01,4.468310e+01,3.000000e+00,6

UCATS,20100329T233801,7,1597.1,84.3,353.0,333.2,22873,9316,913.8,46.3,2.4,,

ULH,20100330T003841.703,259,233.40,36.99,-80.1,2414.0,515,1648,407,-14,34,62.0,70.5

UHSAS,20100330T003841.703,11,1.0,2.89,1.07,59.45,2.66,1.53,794.48,32.24,94.59,924,932.58,1038

EIP1,,,-0.0,-0.0,-0.0,-0.0,,,,,,,,,,

NOAA_GHIS,,,,,,,,,,,,,,,,

FCAS,20100329T233807.049,3,53,45,2,0,6.6,38.5,4890,28.3,918.6,0.05,32.0,32.3,0,0.0

CPL,20100329T193806.000,1,768,5,0,0,0.00,0.00,0.00,0.00,0.00,0.00,0.00,0.00,0.00

EIP3,19700101T003455.000,,1.0,1.1,0.9,-0.0,,,,,,,,,,

EIP5,19700101T002657.000,2,0.8,1.1,2.5,1.3,0.0,0.0,0.0,0.0,0.0,0.0,0.0,0.0,0.2,17.8

EIP4,19700101T002437.000,,1.4,1.2,1.0,0.5,,,,,,,,,,

EIP2,19700101T003555.000,2,1.8,1.6,1.4,0.4,0.3,0.0,0.0,0.0,5.6,5.6,0.0,0.0,27.3,21.1

NOAA_UASO3,,,,,,,,,,,,,,,,

EIP6,20100329T233508.000,2,0.7,0.7,0.6,0.5,0.0,0.3,0.0,0.0,0.0,0.0,0.1,0.0,28.3,19.4

EIP7,,,-0.0,-0.0,-0.0,-0.0,,,,,,,,,,

MMS,20100329T233806.165,3,930.40,0.00,6.31,0.03,-0.03,0.17,-0.57,141.81,0.01,-0.01,0.01,0.09,2.04

EIP8,,,-0.0,-0.0,-0.0,-0.0,,,,,,,,,,

NMASS,20100329T233648.730,,,,,,,,,,,,,,,

MTP,20100329T233806.000,3,10080,12216,13796,8812,10553,12297,8715,10455,12200,9.3,3.197270e+01,4.525130e+01,1.000000e+00,7

UCATS,20100329T233812,7,1597.1,83.8,353.0,334.2,22870,9332,913.3,47.0,2.5,,

UHSAS,20100330T003851.703,11,1.0,2.80,1.06,59.56,2.67,1.53,794.60,32.24,94.54,1045,1052.67,1038

ULH,20100330T003851.703,259,238.42,37.06,-80.1,2438.0,570,1627,409,-14,34,62.0,70.5

EIP1,,,-0.0,-0.0,-0.0,-0.0,,,,,,,,,,

NOAA_GHIS,,,,,,,,,,,,,,,,

FCAS,20100329T233812.109,3,44,35,2,0,6.5,39.9,4711,28.3,919.6,0.06,32.0,32.3,0,0.0

CPL,20100329T193811.000,1,768,5,0,0,0.00,0.00,0.00,0.00,0.00,0.00,0.00,0.00,0.00

EIP3,19700101T003455.000,,1.0,1.1,0.9,-0.0,,,,,,,,,,

EIP5,19700101T002657.000,2,0.8,1.3,2.5,1.4,0.0,0.0,0.0,0.0,0.0,0.0,0.0,0.0,0.2,17.8

EIP4,19700101T002437.000,,1.3,1.2,1.0,0.5,,,,,,,,,,

EIP2,19700101T003555.000,2,2.1,2.0,1.8,0.4,0.3,0.0,0.0,0.0,5.6,5.6,0.0,0.0,27.3,21.1

EIP7,,,-0.0,-0.0,-0.0,-0.0,,,,,,,,,,

EIP6,20100329T233508.000,2,0.7,0.7,0.6,0.5,0.0,0.3,0.0,0.0,0.0,0.0,0.1,0.0,28.3,19.4

MTP,20100329T233806.000,3,10080,12216,13796,8812,10553,12297,8715,10455,12200,9.3,3.197270e+01,4.525130e+01,1.000000e+00,7

NMASS,20100329T233648.730,,,,,,,,,,,,,,,

MMS,20100329T233811.165,3,930.28,0.00,6.31,0.02,-0.01,0.16,-0.57,141.82,0.00,-0.01,-0.01,-0.08,2.04

EIP8,,,-0.0,-0.0,-0.0,-0.0,,,,,,,,,,

NOAA_UASO3,,,,,,,,,,,,,,,,

UCATS,20100329T233816,7,1583.6,83.6,353.2,335.3,21813,9836,913.3,46.6,1.7,,

UHSAS,20100330T003856.703,11,1.0,2.86,1.06,59.44,2.67,1.53,794.29,32.24,94.45,1774,1790.76,1038

ULH,20100330T003856.703,259,214.62,37.06,-80.1,2419.0,509,1673,406,-14,34,63.0,70.5

EIP1,,,-0.0,-0.0,-0.0,-0.0,,,,,,,,,,

NOAA_GHIS,,,,,,,,,,,,,,,,

EIP4,19700101T002437.000,,1.4,1.2,1.0,0.5,,,,,,,,,,

FCAS,20100329T233817.109,3,49,37,1,0,6.6,37.4,4767,28.3,919.6,0.06,32.0,32.3,0,0.0

EIP3,19700101T003455.000,,1.0,1.1,0.9,-0.0,,,,,,,,,,

CPL,20100329T193816.000,1,768,5,0,0,0.00,0.00,0.00,0.00,0.00,0.00,0.00,0.00,0.00

EIP5,19700101T002657.000,2,0.8,1.1,2.5,1.3,0.0,0.0,0.0,0.0,0.0,0.0,0.0,0.0,0.2,17.8

EIP2,19700101T003555.000,2,1.9,1.7,1.5,0.4,0.3,0.0,0.0,0.0,5.6,5.6,0.0,0.0,27.3,21.1

NOAA_UASO3,,,,,,,,,,,,,,,,

NMASS,20100329T233648.730,,,,,,,,,,,,,,,

MMS,20100329T233816.165,3,930.44,0.00,6.31,0.01,-0.03,0.17,-0.58,141.83,0.01,-0.01,-0.00,-0.09,2.04

EIP7,,,-0.0,-0.0,-0.0,-0.0,,,,,,,,,,

EIP8,,,-0.0,-0.0,-0.0,-0.0,,,,,,,,,,

EIP6,20100329T233508.000,2,0.7,0.7,0.6,0.5,0.0,0.3,0.0,0.0,0.0,0.0,0.1,0.0,28.3,19.4

MTP,20100329T233806.000,3,10080,12216,13796,8812,10553,12297,8715,10455,12200,9.3,3.197270e+01,4.525130e+01,1.000000e+00,7

UCATS,20100329T233821,7,1593.4,84.4,353.2,335.7,21018,9697,912.7,46.8,1.7,,

ULH,20100330T003901.703,259,218.42,37.10,-80.1,2426.0,490,1689,405,-14,34,62.0,70.5

UHSAS,20100330T003901.703,11,1.0,2.73,1.06,59.52,2.67,1.53,794.55,32.26,94.50,1967,1982.74,1038

EIP1,,,-0.0,-0.0,-0.0,-0.0,,,,,,,,,,

NOAA_GHIS,,,,,,,,,,,,,,,,

EIP3,19700101T003455.000,,1.0,1.1,0.9,-0.0,,,,,,,,,,

FCAS,20100329T233822.099,3,68,45,3,0,6.6,36.0,4912,28.3,920.1,0.05,32.0,32.3,0,0.0

EIP2,19700101T003555.000,2,2.0,1.8,1.6,0.4,0.3,0.0,0.0,0.0,5.6,5.6,0.0,0.0,27.3,21.1

EIP5,19700101T002657.000,2,0.8,1.1,2.5,1.4,0.0,0.0,0.0,0.0,0.0,0.0,0.0,0.0,0.2,17.8

EIP4,19700101T002437.000,,1.3,1.2,1.0,0.5,,,,,,,,,,

CPL,20100329T193821.000,1,768,5,0,0,0.00,0.00,0.00,0.00,0.00,0.00,0.00,0.00,0.00

EIP6,20100329T233508.000,2,0.7,0.7,0.6,0.5,0.0,0.3,0.0,0.0,0.0,0.0,0.1,0.0,28.3,19.4

MTP,20100329T233820.000,3,10088,12229,13806,8816,10566,12288,8709,10449,12191,9.5,3.257060e+01,4.484020e+01,3.000000e+00,8

NMASS,20100329T233648.730,,,,,,,,,,,,,,,

MMS,20100329T233821.165,3,930.46,0.00,6.31,0.03,-0.03,0.16,-0.57,141.84,0.00,0.00,-0.01,0.11,2.03

EIP7,,,-0.0,-0.0,-0.0,-0.0,,,,,,,,,,

EIP8,,,-0.0,-0.0,-0.0,-0.0,,,,,,,,,,

NOAA_UASO3,,,,,,,,,,,,,,,,

UCATS,20100329T233821,7,1593.4,84.4,353.2,335.7,21018,9697,912.7,46.8,1.7,,

ULH,20100330T003901.703,259,218.42,37.10,-80.1,2426.0,490,1689,405,-14,34,62.0,70.5

UHSAS,20100330T003901.703,11,1.0,2.73,1.06,59.52,2.67,1.53,794.55,32.26,94.50,1967,1982.74,1038

EIP1,,,-0.0,-0.0,-0.0,-0.0,,,,,,,,,,

EIP3,19700101T003455.000,,1.0,1.1,0.9,-0.0,,,,,,,,,,

NOAA_GHIS,,,,,,,,,,,,,,,,

FCAS,20100329T233822.099,3,68,45,3,0,6.6,36.0,4912,28.3,920.1,0.05,32.0,32.3,0,0.0

EIP2,19700101T003555.000,2,1.8,1.6,1.4,0.4,0.3,0.0,0.0,0.0,5.6,5.6,0.0,0.0,27.3,21.1

EIP5,19700101T002657.000,2,0.8,1.6,2.6,1.4,0.0,0.0,0.0,0.0,0.0,0.0,0.0,0.0,0.2,17.8

EIP4,19700101T002437.000,,1.3,1.2,1.0,0.5,,,,,,,,,,

CPL,20100329T193821.000,1,768,5,0,0,0.00,0.00,0.00,0.00,0.00,0.00,0.00,0.00,0.00

EIP6,20100329T233508.000,2,0.7,0.6,0.6,0.5,0.0,0.3,0.0,0.0,0.0,0.0,0.1,0.0,28.3,19.4

MTP,20100329T233820.000,3,10088,12229,13806,8816,10566,12288,8709,10449,12191,9.5,3.257060e+01,4.484020e+01,3.000000e+00,8

MMS,20100329T233821.165,3,930.46,0.00,6.31,0.03,-0.03,0.16,-0.57,141.84,0.00,0.00,-0.01,0.11,2.03

EIP8,,,-0.0,-0.0,-0.0,-0.0,,,,,,,,,,

NMASS,20100329T233648.730,,,,,,,,,,,,,,,

NOAA_UASO3,,,,,,,,,,,,,,,,

EIP7,,,-0.0,-0.0,-0.0,0.0,,,,,,,,,,

UCATS,20100329T233821,7,1593.4,84.4,353.2,335.7,21018,9697,912.7,46.8,1.7,,

UHSAS,20100330T003901.703,11,1.0,2.73,1.06,59.52,2.67,1.53,794.55,32.26,94.50,1967,1982.74,1038

ULH,20100330T003901.703,259,218.42,37.10,-80.1,2426.0,490,1689,405,-14,34,62.0,70.5

EIP1,,,-0.0,-0.0,-0.0,-0.0,,,,,,,,,,

NOAA_GHIS,,,,,,,,,,,,,,,,

EIP3,19700101T003455.000,,1.0,1.1,0.9,-0.0,,,,,,,,,,

FCAS,20100329T233822.099,3,68,45,3,0,6.6,36.0,4912,28.3,920.1,0.05,32.0,32.3,0,0.0

EIP2,19700101T003555.000,2,2.0,1.8,1.6,0.4,0.3,0.0,0.0,0.0,5.6,5.6,0.0,0.0,27.3,21.1

EIP5,19700101T002657.000,2,0.8,1.1,2.5,1.4,0.0,0.0,0.0,0.0,0.0,0.0,0.0,0.0,0.2,17.8

EIP4,19700101T002437.000,,1.3,1.2,1.0,0.5,,,,,,,,,,

CPL,20100329T193821.000,1,768,5,0,0,0.00,0.00,0.00,0.00,0.00,0.00,0.00,0.00,0.00

EIP6,20100329T233508.000,2,0.7,0.7,0.6,0.5,0.0,0.3,0.0,0.0,0.0,0.0,0.1,0.0,28.3,19.4

MTP,20100329T233820.000,3,10088,12229,13806,8816,10566,12288,8709,10449,12191,9.5,3.257060e+01,4.484020e+01,3.000000e+00,8

NMASS,20100329T233648.730,,,,,,,,,,,,,,,

EIP8,,,-0.0,-0.0,-0.0,-0.0,,,,,,,,,,

MMS,20100329T233821.165,3,930.46,0.00,6.31,0.03,-0.03,0.16,-0.57,141.84,0.00,0.00,-0.01,0.11,2.03

EIP7,,,-0.0,-0.0,-0.0,-0.0,,,,,,,,,,

NOAA_UASO3,,,,,,,,,,,,,,,,

UHSAS,20100330T003901.703,11,1.0,2.73,1.06,59.52,2.67,1.53,794.55,32.26,94.50,1967,1982.74,1038

UCATS,20100329T233821,7,1593.4,84.4,353.2,335.7,21018,9697,912.7,46.8,1.7,,

ULH,20100330T003901.703,259,218.42,37.10,-80.1,2426.0,490,1689,405,-14,34,62.0,70.5

EIP1,,,-0.0,-0.0,0.0,-0.0,,,,,,,,,,

EIP3,19700101T003455.000,,1.0,1.1,0.9,-0.0,,,,,,,,,,

NOAA_GHIS,,,,,,,,,,,,,,,,

FCAS,20100329T233822.099,3,68,45,3,0,6.6,36.0,4912,28.3,920.1,0.05,32.0,32.3,0,0.0

EIP2,19700101T003555.000,2,1.9,1.7,1.5,0.4,0.3,0.0,0.0,0.0,5.6,5.6,0.0,0.0,27.3,21.1

EIP5,19700101T002657.000,2,0.8,1.1,2.5,1.4,0.0,0.0,0.0,0.0,0.0,0.0,0.0,0.0,0.2,17.8

EIP4,19700101T002437.000,,1.3,1.2,1.0,0.5,,,,,,,,,,

CPL,20100329T193821.000,1,768,5,0,0,0.00,0.00,0.00,0.00,0.00,0.00,0.00,0.00,0.00

EIP6,20100329T233508.000,2,0.7,0.7,0.6,0.5,0.0,0.3,0.0,0.0,0.0,0.0,0.1,0.0,28.3,19.4

MTP,20100329T233820.000,3,10088,12229,13806,8816,10566,12288,8709,10449,12191,9.5,3.257060e+01,4.484020e+01,3.000000e+00,8

NMASS,20100329T233648.730,,,,,,,,,,,,,,,

EIP8,,,-0.0,-0.0,-0.0,-0.0,,,,,,,,,,

MMS,20100329T233821.165,3,930.46,0.00,6.31,0.03,-0.03,0.16,-0.57,141.84,0.00,0.00,-0.01,0.11,2.03

NOAA_UASO3,,,,,,,,,,,,,,,,

EIP7,,,-0.0,-0.0,-0.0,-0.0,,,,,,,,,,

UCATS,20100329T233821,7,1593.4,84.4,353.2,335.7,21018,9697,912.7,46.8,1.7,,

UHSAS,20100330T003901.703,11,1.0,2.73,1.06,59.52,2.67,1.53,794.55,32.26,94.50,1967,1982.74,1038

ULH,20100330T003901.703,259,218.42,37.10,-80.1,2426.0,490,1689,405,-14,34,62.0,70.5

EIP1,,,-0.0,-0.0,0.0,-0.0,,,,,,,,,,

NOAA_GHIS,,,,,,,,,,,,,,,,

EIP3,19700101T003455.000,,1.0,1.1,0.9,-0.0,,,,,,,,,,

FCAS,20100329T233827.099,3,58,35,0,0,6.6,34.6,4901,28.3,920.6,0.06,32.0,32.3,0,0.0

EIP2,19700101T003555.000,2,1.9,1.7,1.5,0.5,0.3,0.0,0.0,0.0,5.6,5.6,0.0,0.0,27.3,21.1

EIP5,19700101T002657.000,2,0.8,1.4,2.6,1.4,0.0,0.0,0.0,0.0,0.0,0.0,0.0,0.0,0.2,17.8

EIP4,19700101T002437.000,,1.3,1.2,1.0,0.5,,,,,,,,,,

CPL,20100329T193826.000,1,768,5,0,0,0.00,0.00,0.00,0.00,0.00,0.00,0.00,0.00,0.00

EIP6,20100329T233508.000,2,0.6,0.7,0.6,0.5,0.0,0.3,0.0,0.0,0.0,0.0,0.1,0.0,28.3,19.4

MTP,20100329T233820.000,3,10088,12229,13806,8816,10566,12288,8709,10449,12191,9.5,3.257060e+01,4.484020e+01,3.000000e+00,8

NMASS,20100329T233648.730,,,,,,,,,,,,,,,

MMS,20100329T233831.165,3,930.48,0.00,6.31,0.03,-0.04,0.16,-0.57,141.86,0.00,-0.00,0.01,-0.09,2.04

EIP7,,,-0.0,-0.0,-0.0,-0.0,,,,,,,,,,

EIP8,,,-0.0,-0.0,0.0,-0.0,,,,,,,,,,

NOAA_UASO3,,,,,,,,,,,,,,,,

UHSAS,20100330T003911.703,11,1.0,2.73,1.06,59.41,2.67,1.53,794.41,32.34,94.44,1850,1868.48,1038

UCATS,20100329T233832,7,1592.2,84.1,353.5,336.7,21125,9128,913.3,46.8,2.9,,

ULH,20100330T003911.703,259,213.41,37.11,-80.1,2417.0,506,1667,406,-14,34,63.0,70.5

EIP1,,,-0.0,-0.0,-0.0,-0.0,,,,,,,,,,

NOAA_GHIS,,,,,,,,,,,,,,,,

FCAS,20100329T233837.099,3,60,40,2,0,6.6,35.2,4983,28.3,920.1,0.05,32.0,32.3,0,0.0

EIP2,19700101T003555.000,2,1.8,1.6,1.4,0.5,0.3,0.0,0.0,0.0,5.6,5.6,0.0,0.0,27.3,21.1

EIP3,19700101T003455.000,,1.1,1.2,0.9,-0.0,,,,,,,,,,

EIP5,19700101T002657.000,2,0.8,1.1,2.5,1.3,0.0,0.0,0.0,0.0,0.0,0.0,0.0,0.0,0.2,17.8

EIP4,19700101T002437.000,,1.4,1.2,1.0,0.5,,,,,,,,,,

CPL,20100329T193836.000,1,768,5,0,0,0.00,0.00,0.00,0.00,0.00,0.00,0.00,0.00,0.00

EIP6,20100329T233508.000,2,0.7,0.7,0.5,0.5,0.0,0.3,0.0,0.0,0.0,0.0,0.1,0.0,28.3,19.4

MTP,20100329T233833.000,3,10079,12226,13807,8820,10561,12297,8720,10458,12200,9.3,3.190630e+01,4.541040e+01,5.000000e+00,9

NMASS,20100329T233648.730,,,,,,,,,,,,,,,

EIP8,,,-0.0,-0.0,-0.0,-0.0,,,,,,,,,,

MMS,20100329T233836.165,3,930.38,0.00,6.31,0.02,-0.03,0.16,-0.57,141.86,0.01,-0.01,0.00,0.06,2.03

EIP7,,,-0.0,-0.0,-0.0,-0.0,,,,,,,,,,

NOAA_UASO3,,,,,,,,,,,,,,,,

UCATS,20100329T233841,7,1599.5,84.0,353.6,338.2,20938,9413,913.3,47.0,2.7,,

UHSAS,20100330T003921.703,11,1.0,2.72,1.06,59.47,2.67,1.53,794.24,32.38,94.48,1500,1513.37,1038

ULH,20100330T003921.703,259,212.00,37.17,-80.1,2409.0,504,1633,407,-15,34,63.0,70.5

EIP1,,,-0.0,-0.0,-0.0,-0.0,,,,,,,,,,

NOAA_GHIS,,,,,,,,,,,,,,,,

FCAS,20100329T233847.089,3,69,41,1,0,6.6,33.3,5135,28.4,919.6,0.05,32.0,32.3,0,0.0

EIP2,19700101T003555.000,2,1.9,1.7,1.5,0.4,0.3,0.0,0.0,0.0,5.6,5.6,0.0,0.0,27.3,21.1

EIP3,19700101T003455.000,,1.0,1.1,0.9,-0.0,,,,,,,,,,

EIP5,19700101T002657.000,2,0.8,1.1,2.5,1.4,0.0,0.0,0.0,0.0,0.0,0.0,0.0,0.0,0.2,17.8

EIP4,19700101T002437.000,,1.2,1.2,1.0,0.4,,,,,,,,,,

CPL,20100329T193846.000,1,768,5,0,0,0.00,0.00,0.00,0.00,0.00,0.00,0.00,0.00,0.00

EIP6,20100329T233508.000,2,0.7,0.7,0.6,0.5,0.0,0.3,0.0,0.0,0.0,0.0,0.1,0.0,28.3,19.4

MTP,20100329T233846.000,3,10076,12210,13796,8809,10551,12287,8716,10453,12198,9.3,3.192840e+01,4.534670e+01,0.000000e+00,10

NMASS,20100329T233648.730,,,,,,,,,,,,,,,

EIP8,,,-0.0,-0.0,-0.0,-0.0,,,,,,,,,,

MMS,20100329T233846.165,3,930.14,0.00,6.31,0.02,0.01,0.16,-0.57,141.89,-0.00,-0.01,0.00,0.03,2.03

EIP7,,,-0.0,-0.0,-0.0,-0.0,,,,,,,,,,

NOAA_UASO3,,,,,,,,,,,,,,,,

UCATS,20100329T233846,7,1605.6,83.6,353.7,338.6,21222,17325,913.8,47.1,2.2,,

ULH,20100330T003926.703,259,211.71,37.19,-80.1,2417.0,506,1575,409,-14,34,63.0,70.5

UHSAS,20100330T003926.703,11,1.0,2.73,1.07,59.44,2.68,1.53,794.46,32.40,94.54,1318,1330.51,1038

EIP1,,,-0.0,-0.0,-0.0,-0.0,,,,,,,,,,

NOAA_GHIS,,,,,,,,,,,,,,,,

EIP3,19700101T003455.000,,1.0,1.1,0.9,-0.0,,,,,,,,,,

FCAS,20100329T233852.089,3,56,37,1,0,6.6,35.1,4813,28.4,919.1,0.06,32.0,32.3,0,0.0

EIP2,19700101T003555.000,2,2.0,1.8,1.6,0.5,0.3,0.0,0.0,0.0,5.6,5.6,0.0,0.0,27.3,21.1

EIP5,19700101T002657.000,2,0.8,1.3,2.5,1.4,0.0,0.0,0.0,0.0,0.0,0.0,0.0,0.0,0.2,17.8

EIP4,19700101T002437.000,,1.3,1.2,1.0,0.5,,,,,,,,,,

CPL,20100329T193851.000,1,768,5,0,0,0.00,0.00,0.00,0.00,0.00,0.00,0.00,0.00,0.00

EIP6,20100329T233508.000,2,0.7,0.7,0.5,0.5,0.0,0.3,0.0,0.0,0.0,0.0,0.1,0.0,28.3,19.4

MTP,20100329T233846.000,3,10076,12210,13796,8809,10551,12287,8716,10453,12198,9.3,3.192840e+01,4.534670e+01,0.000000e+00,10

NMASS,20100329T233648.730,,,,,,,,,,,,,,,

MMS,20100329T233856.165,3,930.42,0.00,6.31,0.02,-0.05,0.16,-0.57,141.90,-0.00,0.00,-0.00,-0.04,2.03

EIP8,,,-0.0,-0.0,-0.0,-0.0,,,,,,,,,,

NOAA_UASO3,,,,,,,,,,,,,,,,

EIP7,,,-0.0,-0.0,-0.0,-0.0,,,,,,,,,,

UCATS,20100329T233857,7,1572.6,84.1,353.7,339.3,199999,34017,913.3,46.7,1.0,,

UHSAS,20100330T003936.703,11,1.0,2.73,1.06,59.55,2.68,1.53,794.26,32.41,94.50,1212,1221.25,1038

ULH,20100330T003936.703,259,254.28,37.24,-80.1,2410.0,526,1594,409,-14,34,63.0,71.5

EIP1,,,-0.0,-0.0,-0.0,-0.0,,,,,,,,,,

NOAA_GHIS,,,,,,,,,,,,,,,,

FCAS,20100329T233857.089,3,46,31,1,0,6.7,40.1,4739,28.4,919.6,0.06,32.0,32.3,0,0.0

EIP3,19700101T003455.000,,1.0,1.1,0.9,-0.0,,,,,,,,,,

EIP2,19700101T003555.000,2,2.0,1.8,1.6,0.5,0.3,0.0,0.0,0.0,5.6,5.6,0.0,0.0,27.3,21.1

EIP5,19700101T002657.000,2,0.8,1.3,2.5,1.4,0.0,0.0,0.0,0.0,0.0,0.0,0.0,0.0,0.2,17.8

EIP4,19700101T002437.000,,1.3,1.2,1.0,0.5,,,,,,,,,,

CPL,20100329T193856.000,1,768,5,0,0,0.00,0.00,0.00,0.00,0.00,0.00,0.00,0.00,0.00

EIP6,20100329T233508.000,2,0.7,0.7,0.5,0.5,0.0,0.3,0.0,0.0,0.0,0.0,0.1,0.0,28.3,19.4

MTP,20100329T233846.000,3,10076,12210,13796,8809,10551,12287,8716,10453,12198,9.3,3.192840e+01,4.534670e+01,0.000000e+00,10

NMASS,20100329T233648.730,,,,,,,,,,,,,,,

EIP8,,,-0.0,-0.0,-0.0,-0.0,,,,,,,,,,

MMS,20100329T233856.165,3,930.42,0.00,6.31,0.02,-0.05,0.16,-0.57,141.90,-0.00,0.00,-0.00,-0.04,2.03

EIP7,,,-0.0,-0.0,-0.0,-0.0,,,,,,,,,,

NOAA_UASO3,,,,,,,,,,,,,,,,

UCATS,20100329T233857,7,1572.6,84.1,353.7,339.3,199999,34017,913.3,46.7,1.0,,

ULH,20100330T003936.703,259,254.28,37.24,-80.1,2410.0,526,1594,409,-14,34,63.0,71.5

UHSAS,20100330T003936.703,11,1.0,2.73,1.06,59.55,2.68,1.53,794.26,32.41,94.50,1212,1221.25,1038

EIP1,,,-0.0,-0.0,-0.0,-0.0,,,,,,,,,,

NOAA_GHIS,,,,,,,,,,,,,,,,

EIP3,19700101T003455.000,,1.0,1.1,0.9,-0.0,,,,,,,,,,

FCAS,20100329T233857.089,3,46,31,1,0,6.7,40.1,4739,28.4,919.6,0.06,32.0,32.3,0,0.0

EIP2,19700101T003555.000,2,2.0,1.8,1.6,0.5,0.3,0.0,0.0,0.0,5.6,5.6,0.0,0.0,27.3,21.1

EIP5,19700101T002657.000,2,0.8,1.3,2.5,1.4,0.0,0.0,0.0,0.0,0.0,0.0,0.0,0.0,0.2,17.8

EIP4,19700101T002437.000,,1.3,1.2,1.0,0.5,,,,,,,,,,

CPL,20100329T193856.000,1,768,5,0,0,0.00,0.00,0.00,0.00,0.00,0.00,0.00,0.00,0.00

EIP6,20100329T233508.000,2,0.7,0.7,0.5,0.5,0.0,0.3,0.0,0.0,0.0,0.0,0.1,0.0,28.3,19.4

MTP,20100329T233846.000,3,10076,12210,13796,8809,10551,12287,8716,10453,12198,9.3,3.192840e+01,4.534670e+01,0.000000e+00,10

EIP7,,,-0.0,-0.0,-0.0,-0.0,,,,,,,,,,

MMS,20100329T233856.165,3,930.42,0.00,6.31,0.02,-0.05,0.16,-0.57,141.90,-0.00,0.00,-0.00,-0.04,2.03

NMASS,20100329T233648.730,,,,,,,,,,,,,,,

EIP8,,,-0.0,-0.0,-0.0,-0.0,,,,,,,,,,

NOAA_UASO3,,,,,,,,,,,,,,,,

UCATS,20100329T233857,7,1572.6,84.1,353.7,339.3,199999,34017,913.3,46.7,1.0,,

UHSAS,20100330T003936.703,11,1.0,2.73,1.06,59.55,2.68,1.53,794.26,32.41,94.50,1212,1221.25,1038

ULH,20100330T003936.703,259,254.28,37.24,-80.1,2410.0,526,1594,409,-14,34,63.0,71.5

EIP1,,,-0.0,-0.0,-0.0,-0.0,,,,,,,,,,

NOAA_GHIS,,,,,,,,,,,,,,,,

FCAS,20100329T233857.089,3,46,31,1,0,6.7,40.1,4739,28.4,919.6,0.06,32.0,32.3,0,0.0

EIP2,19700101T003555.000,2,2.0,1.8,1.6,0.5,0.3,0.0,0.0,0.0,5.6,5.6,0.0,0.0,27.3,21.1

EIP3,19700101T003455.000,,1.0,1.1,0.9,-0.0,,,,,,,,,,

EIP5,19700101T002657.000,2,0.8,1.3,2.5,1.4,0.0,0.0,0.0,0.0,0.0,0.0,0.0,0.0,0.2,17.8

EIP4,19700101T002437.000,,1.3,1.2,1.0,0.5,,,,,,,,,,

CPL,20100329T193856.000,1,768,5,0,0,0.00,0.00,0.00,0.00,0.00,0.00,0.00,0.00,0.00

NOAA_UASO3,,,,,,,,,,,,,,,,

EIP6,20100329T233508.000,2,0.7,0.7,0.5,0.5,0.0,0.3,0.0,0.0,0.0,0.0,0.1,0.0,28.3,19.4

MMS,20100329T233856.165,3,930.42,0.00,6.31,0.02,-0.05,0.16,-0.57,141.90,-0.00,0.00,-0.00,-0.04,2.03

EIP7,,,-0.0,-0.0,-0.0,-0.0,,,,,,,,,,

NMASS,20100329T233648.730,,,,,,,,,,,,,,,

EIP8,,,-0.0,-0.0,-0.0,-0.0,,,,,,,,,,

MTP,20100329T233846.000,3,10076,12210,13796,8809,10551,12287,8716,10453,12198,9.3,3.192840e+01,4.534670e+01,0.000000e+00,10

UCATS,20100329T233857,7,1572.6,84.1,353.7,339.3,199999,34017,913.3,46.7,1.0,,

UHSAS,20100330T003936.703,11,1.0,2.73,1.06,59.55,2.68,1.53,794.26,32.41,94.50,1212,1221.25,1038

ULH,20100330T003936.703,259,254.28,37.24,-80.1,2410.0,526,1594,409,-14,34,63.0,71.5

EIP1,,,-0.0,-0.0,-0.0,-0.0,,,,,,,,,,

NOAA_GHIS,,,,,,,,,,,,,,,,

EIP3,19700101T003455.000,,1.0,1.1,0.9,-0.0,,,,,,,,,,

FCAS,20100329T233857.089,3,46,31,1,0,6.7,40.1,4739,28.4,919.6,0.06,32.0,32.3,0,0.0

EIP2,19700101T003555.000,2,2.0,1.8,1.6,0.5,0.3,0.0,0.0,0.0,5.6,5.6,0.0,0.0,27.3,21.1

EIP5,19700101T002657.000,2,0.8,1.3,2.5,1.4,0.0,0.0,0.0,0.0,0.0,0.0,0.0,0.0,0.2,17.8

EIP4,19700101T002437.000,,1.3,1.2,1.0,0.5,,,,,,,,,,

CPL,20100329T193856.000,1,768,5,0,0,0.00,0.00,0.00,0.00,0.00,0.00,0.00,0.00,0.00

NOAA_UASO3,,,,,,,,,,,,,,,,

EIP6,20100329T233508.000,2,0.7,0.7,0.5,0.5,0.0,0.3,0.0,0.0,0.0,0.0,0.1,0.0,28.3,19.4

MMS,20100329T233856.165,3,930.42,0.00,6.31,0.02,-0.05,0.16,-0.57,141.90,-0.00,0.00,-0.00,-0.04,2.03

EIP7,,,-0.0,-0.0,-0.0,-0.0,,,,,,,,,,

NMASS,20100329T233648.730,,,,,,,,,,,,,,,

EIP8,,,-0.0,-0.0,-0.0,-0.0,,,,,,,,,,

MTP,20100329T233846.000,3,10076,12210,13796,8809,10551,12287,8716,10453,12198,9.3,3.192840e+01,4.534670e+01,0.000000e+00,10

UCATS,20100329T233857,7,1572.6,84.1,353.7,339.3,199999,34017,913.3,46.7,1.0,,

ULH,20100330T003936.703,259,254.28,37.24,-80.1,2410.0,526,1594,409,-14,34,63.0,71.5

UHSAS,20100330T003936.703,11,1.0,2.73,1.06,59.55,2.68,1.53,794.26,32.41,94.50,1212,1221.25,1038

EIP1,,,-0.0,-0.0,0.0,-0.0,,,,,,,,,,

NOAA_GHIS,,,,,,,,,,,,,,,,

FCAS,20100329T233857.089,3,46,31,1,0,6.7,40.1,4739,28.4,919.6,0.06,32.0,32.3,0,0.0

EIP4,19700101T002437.000,,1.4,1.2,1.0,0.5,,,,,,,,,,

EIP3,19700101T003455.000,,1.0,1.1,0.9,-0.0,,,,,,,,,,

EIP5,19700101T002657.000,2,0.8,1.1,2.5,1.3,0.0,0.0,0.0,0.0,0.0,0.0,0.0,0.0,0.2,17.8

CPL,20100329T193856.000,1,768,5,0,0,0.00,0.00,0.00,0.00,0.00,0.00,0.00,0.00,0.00

EIP2,19700101T003555.000,2,2.1,1.9,1.7,0.5,0.3,0.0,0.0,0.0,5.6,5.6,0.0,0.0,27.3,21.1

EIP6,20100329T233508.000,2,0.7,0.6,0.6,0.5,0.0,0.3,0.0,0.0,0.0,0.0,0.1,0.0,28.3,19.4

MTP,20100329T233846.000,3,10076,12210,13796,8809,10551,12287,8716,10453,12198,9.3,3.192840e+01,4.534670e+01,0.000000e+00,10

MMS,20100329T233856.165,3,930.42,0.00,6.31,0.02,-0.05,0.16,-0.57,141.90,-0.00,0.00,-0.00,-0.04,2.03

NOAA_UASO3,,,,,,,,,,,,,,,,

EIP7,,,-0.0,-0.0,-0.0,-0.0,,,,,,,,,,

NMASS,20100329T233648.730,,,,,,,,,,,,,,,

EIP8,,,-0.0,-0.0,-0.0,-0.0,,,,,,,,,,

UCATS,20100329T233857,7,1572.6,84.1,353.7,339.3,199999,34017,913.3,46.7,1.0,,

ULH,20100330T003936.703,259,254.28,37.24,-80.1,2410.0,526,1594,409,-14,34,63.0,71.5

UHSAS,20100330T003936.703,11,1.0,2.73,1.06,59.55,2.68,1.53,794.26,32.41,94.50,1212,1221.25,1038

EIP1,,,-0.0,-0.0,-0.0,-0.0,,,,,,,,,,

NOAA_GHIS,,,,,,,,,,,,,,,,

FCAS,20100329T233857.089,3,46,31,1,0,6.7,40.1,4739,28.4,919.6,0.06,32.0,32.3,0,0.0

EIP4,19700101T002437.000,,1.3,1.2,1.0,0.5,,,,,,,,,,

EIP3,19700101T003455.000,,1.0,1.1,0.9,-0.0,,,,,,,,,,

EIP5,19700101T002657.000,2,0.8,1.6,2.6,1.4,0.0,0.0,0.0,0.0,0.0,0.0,0.0,0.0,0.2,17.8

CPL,20100329T193856.000,1,768,5,0,0,0.00,0.00,0.00,0.00,0.00,0.00,0.00,0.00,0.00

EIP2,19700101T003555.000,2,1.4,1.3,1.1,0.4,0.3,0.0,0.0,0.0,5.6,5.6,0.0,0.0,27.3,21.1

EIP6,20100329T233508.000,2,0.7,0.6,0.6,0.5,0.0,0.3,0.0,0.0,0.0,0.0,0.1,0.0,28.3,19.4

MTP,20100329T233846.000,3,10076,12210,13796,8809,10551,12287,8716,10453,12198,9.3,3.192840e+01,4.534670e+01,0.000000e+00,10

EIP7,,,-0.0,-0.0,-0.0,-0.0,,,,,,,,,,

EIP8,,,-0.0,-0.0,-0.0,-0.0,,,,,,,,,,

NMASS,20100329T233648.730,,,,,,,,,,,,,,,

NOAA_UASO3,,,,,,,,,,,,,,,,

MMS,20100329T233856.165,3,930.42,0.00,6.31,0.02,-0.05,0.16,-0.57,141.90,-0.00,0.00,-0.00,-0.04,2.03

UCATS,20100329T233857,7,1572.6,84.1,353.7,339.3,199999,34017,913.3,46.7,1.0,,

ULH,20100330T003936.703,259,254.28,37.24,-80.1,2410.0,526,1594,409,-14,34,63.0,71.5

UHSAS,20100330T003936.703,11,1.0,2.73,1.06,59.55,2.68,1.53,794.26,32.41,94.50,1212,1221.25,1038

EIP1,,,-0.0,-0.0,0.0,-0.0,,,,,,,,,,

NOAA_GHIS,,,,,,,,,,,,,,,,

FCAS,20100329T233857.089,3,46,31,1,0,6.7,40.1,4739,28.4,919.6,0.06,32.0,32.3,0,0.0

EIP4,19700101T002437.000,,1.3,1.2,1.0,0.5,,,,,,,,,,

EIP3,19700101T003455.000,,1.1,1.2,1.0,-0.0,,,,,,,,,,

EIP5,19700101T002657.000,2,0.8,1.1,2.5,1.4,0.0,0.0,0.0,0.0,0.0,0.0,0.0,0.0,0.2,17.8

CPL,20100329T193856.000,1,768,5,0,0,0.00,0.00,0.00,0.00,0.00,0.00,0.00,0.00,0.00

EIP2,19700101T003555.000,2,2.1,1.9,1.7,0.4,0.3,0.0,0.0,0.0,5.6,5.6,0.0,0.0,27.3,21.1

EIP6,20100329T233508.000,2,0.7,0.6,0.6,0.5,0.0,0.3,0.0,0.0,0.0,0.0,0.1,0.0,28.3,19.4

MTP,20100329T233846.000,3,10076,12210,13796,8809,10551,12287,8716,10453,12198,9.3,3.192840e+01,4.534670e+01,0.000000e+00,10

MMS,20100329T233856.165,3,930.42,0.00,6.31,0.02,-0.05,0.16,-0.57,141.90,-0.00,0.00,-0.00,-0.04,2.03

EIP7,,,-0.0,-0.0,-0.0,-0.0,,,,,,,,,,

EIP8,,,-0.0,-0.0,-0.0,-0.0,,,,,,,,,,

NOAA_UASO3,,,,,,,,,,,,,,,,

NMASS,20100329T233648.730,,,,,,,,,,,,,,,

UCATS,20100329T233857,7,1572.6,84.1,353.7,339.3,199999,34017,913.3,46.7,1.0,,

ULH,20100330T003936.703,259,254.28,37.24,-80.1,2410.0,526,1594,409,-14,34,63.0,71.5

UHSAS,20100330T003936.703,11,1.0,2.73,1.06,59.55,2.68,1.53,794.26,32.41,94.50,1212,1221.25,1038

EIP1,,,-0.0,-0.0,-0.0,-0.0,,,,,,,,,,

NOAA_GHIS,,,,,,,,,,,,,,,,

FCAS,20100329T233857.089,3,46,31,1,0,6.7,40.1,4739,28.4,919.6,0.06,32.0,32.3,0,0.0

EIP4,19700101T002437.000,,1.4,1.2,1.1,0.5,,,,,,,,,,

EIP3,19700101T003455.000,,1.0,1.2,0.9,-0.0,,,,,,,,,,

EIP5,19700101T002657.000,2,0.8,1.1,2.5,1.4,0.0,0.0,0.0,0.0,0.0,0.0,0.0,0.0,0.2,17.8

CPL,20100329T193856.000,1,768,5,0,0,0.00,0.00,0.00,0.00,0.00,0.00,0.00,0.00,0.00

EIP2,19700101T003555.000,2,1.5,1.4,1.2,0.4,0.3,0.0,0.0,0.0,5.6,5.6,0.0,0.0,27.3,21.1

EIP6,20100329T233508.000,2,0.6,0.6,0.6,0.5,0.0,0.3,0.0,0.0,0.0,0.0,0.1,0.0,28.3,19.4

MTP,20100329T233846.000,3,10076,12210,13796,8809,10551,12287,8716,10453,12198,9.3,3.192840e+01,4.534670e+01,0.000000e+00,10

MMS,20100329T233856.165,3,930.42,0.00,6.31,0.02,-0.05,0.16,-0.57,141.90,-0.00,0.00,-0.00,-0.04,2.03

EIP7,,,-0.0,-0.0,-0.0,-0.0,,,,,,,,,,

NMASS,20100329T233648.730,,,,,,,,,,,,,,,

EIP8,,,-0.0,-0.0,-0.0,-0.0,,,,,,,,,,

NOAA_UASO3,,,,,,,,,,,,,,,,

UCATS,20100329T233857,7,1572.6,84.1,353.7,339.3,199999,34017,913.3,46.7,1.0,,

ULH,20100330T003936.703,259,254.28,37.24,-80.1,2410.0,526,1594,409,-14,34,63.0,71.5

UHSAS,20100330T003936.703,11,1.0,2.73,1.06,59.55,2.68,1.53,794.26,32.41,94.50,1212,1221.25,1038

EIP1,,,-0.0,-0.0,-0.0,-0.0,,,,,,,,,,

NOAA_GHIS,,,,,,,,,,,,,,,,

FCAS,20100329T233857.089,3,46,31,1,0,6.7,40.1,4739,28.4,919.6,0.06,32.0,32.3,0,0.0

EIP4,19700101T002437.000,,1.4,1.2,1.1,0.5,,,,,,,,,,

EIP3,19700101T003455.000,,1.0,1.2,0.9,-0.0,,,,,,,,,,

EIP5,19700101T002657.000,2,0.8,1.1,2.5,1.4,0.0,0.0,0.0,0.0,0.0,0.0,0.0,0.0,0.2,17.8

CPL,20100329T193856.000,1,768,5,0,0,0.00,0.00,0.00,0.00,0.00,0.00,0.00,0.00,0.00

EIP2,19700101T003555.000,2,1.5,1.4,1.2,0.4,0.3,0.0,0.0,0.0,5.6,5.6,0.0,0.0,27.3,21.1

EIP6,20100329T233508.000,2,0.6,0.6,0.6,0.5,0.0,0.3,0.0,0.0,0.0,0.0,0.1,0.0,28.3,19.4

MTP,20100329T233846.000,3,10076,12210,13796,8809,10551,12287,8716,10453,12198,9.3,3.192840e+01,4.534670e+01,0.000000e+00,10

MMS,20100329T233856.165,3,930.42,0.00,6.31,0.02,-0.05,0.16,-0.57,141.90,-0.00,0.00,-0.00,-0.04,2.03

EIP7,,,-0.0,-0.0,-0.0,-0.0,,,,,,,,,,

EIP8,,,-0.0,-0.0,-0.0,-0.0,,,,,,,,,,

NMASS,20100329T233648.730,,,,,,,,,,,,,,,

NOAA_UASO3,,,,,,,,,,,,,,,,

UCATS,20100329T233857,7,1572.6,84.1,353.7,339.3,199999,34017,913.3,46.7,1.0,,

UHSAS,20100330T003936.703,11,1.0,2.73,1.06,59.55,2.68,1.53,794.26,32.41,94.50,1212,1221.25,1038

ULH,20100330T003936.703,259,254.28,37.24,-80.1,2410.0,526,1594,409,-14,34,63.0,71.5

EIP1,,,-0.0,-0.0,-0.0,-0.0,,,,,,,,,,

EIP3,19700101T003455.000,,1.0,1.2,0.9,-0.0,,,,,,,,,,

NOAA_GHIS,,,,,,,,,,,,,,,,

FCAS,20100329T233857.089,3,46,31,1,0,6.7,40.1,4739,28.4,919.6,0.06,32.0,32.3,0,0.0

EIP4,19700101T002437.000,,1.4,1.2,1.1,0.5,,,,,,,,,,

EIP5,19700101T002657.000,2,0.8,1.1,2.5,1.4,0.0,0.0,0.0,0.0,0.0,0.0,0.0,0.0,0.2,17.8

CPL,20100329T193856.000,1,768,5,0,0,0.00,0.00,0.00,0.00,0.00,0.00,0.00,0.00,0.00

EIP2,19700101T003555.000,2,1.5,1.4,1.2,0.4,0.3,0.0,0.0,0.0,5.6,5.6,0.0,0.0,27.3,21.1

EIP6,20100329T233508.000,2,0.6,0.6,0.6,0.5,0.0,0.3,0.0,0.0,0.0,0.0,0.1,0.0,28.3,19.4

MTP,20100329T233846.000,3,10076,12210,13796,8809,10551,12287,8716,10453,12198,9.3,3.192840e+01,4.534670e+01,0.000000e+00,10

MMS,20100329T233856.165,3,930.42,0.00,6.31,0.02,-0.05,0.16,-0.57,141.90,-0.00,0.00,-0.00,-0.04,2.03

EIP7,,,-0.0,-0.0,-0.0,-0.0,,,,,,,,,,

NMASS,20100329T233648.730,,,,,,,,,,,,,,,

EIP8,,,-0.0,-0.0,-0.0,-0.0,,,,,,,,,,

NOAA_UASO3,,,,,,,,,,,,,,,,

UHSAS,20100330T003936.703,11,1.0,2.73,1.06,59.55,2.68,1.53,794.26,32.41,94.50,1212,1221.25,1038

ULH,20100330T003936.703,259,254.28,37.24,-80.1,2410.0,526,1594,409,-14,34,63.0,71.5

UCATS,20100329T233857,7,1572.6,84.1,353.7,339.3,199999,34017,913.3,46.7,1.0,,

EIP1,,,-0.0,-0.0,-0.0,-0.0,,,,,,,,,,

EIP3,19700101T003455.000,,1.0,1.2,0.9,-0.0,,,,,,,,,,

EIP5,19700101T002657.000,2,0.8,1.1,2.5,1.4,0.0,0.0,0.0,0.0,0.0,0.0,0.0,0.0,0.2,17.8

EIP2,19700101T003555.000,2,1.5,1.4,1.2,0.4,0.3,0.0,0.0,0.0,5.6,5.6,0.0,0.0,27.3,21.1

EIP4,19700101T002437.000,,1.4,1.2,1.1,0.5,,,,,,,,,,

CPL,20100329T193856.000,1,768,5,0,0,0.00,0.00,0.00,0.00,0.00,0.00,0.00,0.00,0.00

NOAA_GHIS,,,,,,,,,,,,,,,,

FCAS,20100329T233857.089,3,46,31,1,0,6.7,40.1,4739,28.4,919.6,0.06,32.0,32.3,0,0.0

EIP8,,,-0.0,-0.0,-0.0,-0.0,,,,,,,,,,

MTP,20100329T233846.000,3,10076,12210,13796,8809,10551,12287,8716,10453,12198,9.3,3.192840e+01,4.534670e+01,0.000000e+00,10

EIP7,,,-0.0,-0.0,-0.0,-0.0,,,,,,,,,,

NMASS,20100329T233648.730,,,,,,,,,,,,,,,

EIP6,20100329T233508.000,2,0.6,0.6,0.6,0.5,0.0,0.3,0.0,0.0,0.0,0.0,0.1,0.0,28.3,19.4

MMS,20100329T233856.165,3,930.42,0.00,6.31,0.02,-0.05,0.16,-0.57,141.90,-0.00,0.00,-0.00,-0.04,2.03

NOAA_UASO3,,,,,,,,,,,,,,,,

UHSAS,20100330T003936.703,11,1.0,2.73,1.06,59.55,2.68,1.53,794.26,32.41,94.50,1212,1221.25,1038

ULH,20100330T003936.703,259,254.28,37.24,-80.1,2410.0,526,1594,409,-14,34,63.0,71.5

UCATS,20100329T233857,7,1572.6,84.1,353.7,339.3,199999,34017,913.3,46.7,1.0,,

EIP1,,,-0.0,-0.0,-0.0,-0.0,,,,,,,,,,

EIP3,19700101T003455.000,,1.0,1.2,0.9,-0.0,,,,,,,,,,

NOAA_GHIS,,,,,,,,,,,,,,,,

EIP5,19700101T002657.000,2,0.8,1.1,2.5,1.4,0.0,0.0,0.0,0.0,0.0,0.0,0.0,0.0,0.2,17.8

EIP2,19700101T003555.000,2,1.5,1.4,1.2,0.4,0.3,0.0,0.0,0.0,5.6,5.6,0.0,0.0,27.3,21.1

EIP4,19700101T002437.000,,1.4,1.2,1.1,0.5,,,,,,,,,,

CPL,20100329T193856.000,1,768,5,0,0,0.00,0.00,0.00,0.00,0.00,0.00,0.00,0.00,0.00

FCAS,20100329T233857.089,3,46,31,1,0,6.7,40.1,4739,28.4,919.6,0.06,32.0,32.3,0,0.0

EIP7,,,-0.0,-0.0,-0.0,-0.0,,,,,,,,,,

EIP8,,,-0.0,-0.0,-0.0,-0.0,,,,,,,,,,

NOAA_UASO3,,,,,,,,,,,,,,,,

MMS,20100329T233856.165,3,930.42,0.00,6.31,0.02,-0.05,0.16,-0.57,141.90,-0.00,0.00,-0.00,-0.04,2.03

EIP6,20100329T233508.000,2,0.6,0.6,0.6,0.5,0.0,0.3,0.0,0.0,0.0,0.0,0.1,0.0,28.3,19.4

NMASS,20100329T233648.730,,,,,,,,,,,,,,,

MTP,20100329T233846.000,,,,,,,,,,,,,,,

UHSAS,20100330T003936.703,,,,,,,,,,,,,

ULH,20100330T003936.703,,,,,,,,,,,,

UCATS,20100329T233857,,,,,,,,,,,,

EIP1,,,-0.0,-0.0,-0.0,-0.0,,,,,,,,,,

NOAA_GHIS,,,,,,,,,,,,,,,,

EIP5,19700101T002657.000,2,0.8,1.1,2.5,1.4,0.0,0.0,0.0,0.0,0.0,0.0,0.0,0.0,0.2,17.8

EIP3,19700101T003455.000,,1.0,1.2,0.9,-0.0,,,,,,,,,,

EIP2,19700101T003555.000,2,1.5,1.4,1.2,0.4,0.3,0.0,0.0,0.0,5.6,5.6,0.0,0.0,27.3,21.1

EIP4,19700101T002437.000,,1.4,1.2,1.1,0.5,,,,,,,,,,

CPL,20100329T193856.000,,,,,,,,,,,,,,

FCAS,20100329T233857.089,,,,,,,,,,,,,,,

NOAA_UASO3,,,,,,,,,,,,,,,,

EIP8,,,-0.0,-0.0,-0.0,-0.0,,,,,,,,,,

EIP7,,,-0.0,-0.0,-0.0,-0.0,,,,,,,,,,

NMASS,20100329T233648.730,,,,,,,,,,,,,,,

EIP6,20100329T233508.000,2,0.6,0.6,0.6,0.5,0.0,0.3,0.0,0.0,0.0,0.0,0.1,0.0,28.3,19.4

MMS,20100329T233856.165,,,,,,,,,,,,,,

MTP,20100329T233846.000,,,,,,,,,,,,,,,

UHSAS,20100330T003936.703,,,,,,,,,,,,,

ULH,20100330T003936.703,,,,,,,,,,,,

UCATS,20100329T233857,,,,,,,,,,,,

EIP1,,,-0.0,-0.0,-0.0,-0.0,,,,,,,,,,

EIP3,19700101T003455.000,,1.0,1.2,0.9,-0.0,,,,,,,,,,

NOAA_GHIS,,,,,,,,,,,,,,,,

EIP5,19700101T002657.000,2,0.8,1.1,2.5,1.4,0.0,0.0,0.0,0.0,0.0,0.0,0.0,0.0,0.2,17.8

EIP2,19700101T003555.000,2,1.5,1.4,1.2,0.4,0.3,0.0,0.0,0.0,5.6,5.6,0.0,0.0,27.3,21.1

EIP4,19700101T002437.000,,1.4,1.2,1.1,0.5,,,,,,,,,,

CPL,20100329T193856.000,,,,,,,,,,,,,,

FCAS,20100329T233857.089,,,,,,,,,,,,,,,

EIP7,,,-0.0,-0.0,-0.0,-0.0,,,,,,,,,,

EIP8,,,-0.0,-0.0,-0.0,-0.0,,,,,,,,,,

NOAA_UASO3,,,,,,,,,,,,,,,,

MMS,20100329T233856.165,,,,,,,,,,,,,,

EIP6,20100329T233508.000,2,0.6,0.6,0.6,0.5,0.0,0.3,0.0,0.0,0.0,0.0,0.1,0.0,28.3,19.4

NMASS,20100329T233648.730,,,,,,,,,,,,,,,

MTP,20100329T233846.000,,,,,,,,,,,,,,,

UHSAS,20100330T003936.703,,,,,,,,,,,,,

ULH,20100330T003936.703,,,,,,,,,,,,

UCATS,20100329T233857,,,,,,,,,,,,

EIP1,,,-0.0,-0.0,-0.0,-0.0,,,,,,,,,,

EIP3,19700101T003455.000,,1.0,1.2,0.9,-0.0,,,,,,,,,,

EIP5,19700101T002657.000,2,0.8,1.1,2.5,1.4,0.0,0.0,0.0,0.0,0.0,0.0,0.0,0.0,0.2,17.8

EIP2,19700101T003555.000,2,1.5,1.4,1.2,0.4,0.3,0.0,0.0,0.0,5.6,5.6,0.0,0.0,27.3,21.1

EIP4,19700101T002437.000,,1.4,1.2,1.1,0.5,,,,,,,,,,

CPL,20100329T193856.000,,,,,,,,,,,,,,

NOAA_GHIS,,,,,,,,,,,,,,,,

FCAS,20100329T233857.089,,,,,,,,,,,,,,,

NOAA_UASO3,,,,,,,,,,,,,,,,

EIP8,,,-0.0,-0.0,-0.0,-0.0,,,,,,,,,,

EIP7,,,-0.0,-0.0,-0.0,-0.0,,,,,,,,,,

NMASS,20100329T233648.730,,,,,,,,,,,,,,,

EIP6,20100329T233508.000,2,0.6,0.6,0.6,0.5,0.0,0.3,0.0,0.0,0.0,0.0,0.1,0.0,28.3,19.4

MMS,20100329T233856.165,,,,,,,,,,,,,,

MTP,20100329T233846.000,,,,,,,,,,,,,,,

UHSAS,20100330T003936.703,,,,,,,,,,,,,

ULH,20100330T003936.703,,,,,,,,,,,,

UCATS,20100329T233857,,,,,,,,,,,,

EIP1,,,-0.0,-0.0,-0.0,-0.0,,,,,,,,,,

EIP3,19700101T003455.000,,1.0,1.2,0.9,-0.0,,,,,,,,,,

NOAA_GHIS,,,,,,,,,,,,,,,,

EIP5,19700101T002657.000,2,0.8,1.1,2.5,1.4,0.0,0.0,0.0,0.0,0.0,0.0,0.0,0.0,0.2,17.8

EIP2,19700101T003555.000,2,1.5,1.4,1.2,0.4,0.3,0.0,0.0,0.0,5.6,5.6,0.0,0.0,27.3,21.1

EIP4,19700101T002437.000,,1.4,1.2,1.1,0.5,,,,,,,,,,

CPL,20100329T193856.000,,,,,,,,,,,,,,

FCAS,20100329T233857.089,,,,,,,,,,,,,,,

EIP7,,,-0.0,-0.0,-0.0,-0.0,,,,,,,,,,

EIP8,,,-0.0,-0.0,-0.0,-0.0,,,,,,,,,,

NOAA_UASO3,,,,,,,,,,,,,,,,

MMS,20100329T233856.165,,,,,,,,,,,,,,

EIP6,20100329T233508.000,2,0.6,0.6,0.6,0.5,0.0,0.3,0.0,0.0,0.0,0.0,0.1,0.0,28.3,19.4

NMASS,20100329T233648.730,,,,,,,,,,,,,,,

MTP,20100329T233846.000,,,,,,,,,,,,,,,

UHSAS,20100330T003936.703,,,,,,,,,,,,,

ULH,20100330T003936.703,,,,,,,,,,,,

UCATS,20100329T233857,,,,,,,,,,,,

EIP1,,,-0.0,-0.0,-0.0,-0.0,,,,,,,,,,

NOAA_GHIS,,,,,,,,,,,,,,,,

EIP5,19700101T002657.000,2,0.8,1.1,2.5,1.4,0.0,0.0,0.0,0.0,0.0,0.0,0.0,0.0,0.2,17.8

EIP3,19700101T003455.000,,1.0,1.2,0.9,-0.0,,,,,,,,,,

EIP2,19700101T003555.000,2,1.5,1.4,1.2,0.4,0.3,0.0,0.0,0.0,5.6,5.6,0.0,0.0,27.3,21.1

EIP4,19700101T002437.000,,1.4,1.2,1.1,0.5,,,,,,,,,,

CPL,20100329T193856.000,,,,,,,,,,,,,,

FCAS,20100329T233857.089,,,,,,,,,,,,,,,

NOAA_UASO3,,,,,,,,,,,,,,,,

EIP8,,,-0.0,-0.0,-0.0,-0.0,,,,,,,,,,

EIP7,,,-0.0,-0.0,-0.0,-0.0,,,,,,,,,,

NMASS,20100329T233648.730,,,,,,,,,,,,,,,

EIP6,20100329T233508.000,2,0.6,0.6,0.6,0.5,0.0,0.3,0.0,0.0,0.0,0.0,0.1,0.0,28.3,19.4

MMS,20100329T233856.165,,,,,,,,,,,,,,

MTP,20100329T233846.000,,,,,,,,,,,,,,,

UHSAS,20100330T003936.703,,,,,,,,,,,,,

ULH,20100330T003936.703,,,,,,,,,,,,

UCATS,20100329T233857,,,,,,,,,,,,

EIP1,,,-0.0,-0.0,-0.0,-0.0,,,,,,,,,,

EIP3,19700101T003455.000,,1.0,1.2,0.9,-0.0,,,,,,,,,,

NOAA_GHIS,,,,,,,,,,,,,,,,

EIP5,19700101T002657.000,2,0.8,1.1,2.5,1.4,0.0,0.0,0.0,0.0,0.0,0.0,0.0,0.0,0.2,17.8

EIP2,19700101T003555.000,2,1.5,1.4,1.2,0.4,0.3,0.0,0.0,0.0,5.6,5.6,0.0,0.0,27.3,21.1

EIP4,19700101T002437.000,,1.4,1.2,1.1,0.5,,,,,,,,,,

CPL,20100329T193856.000,,,,,,,,,,,,,,

FCAS,20100329T233857.089,,,,,,,,,,,,,,,

EIP7,,,-0.0,-0.0,-0.0,-0.0,,,,,,,,,,

EIP8,,,-0.0,-0.0,-0.0,-0.0,,,,,,,,,,

NOAA_UASO3,,,,,,,,,,,,,,,,

MMS,20100329T233856.165,,,,,,,,,,,,,,

EIP6,20100329T233508.000,2,0.6,0.6,0.6,0.5,0.0,0.3,0.0,0.0,0.0,0.0,0.1,0.0,28.3,19.4

NMASS,20100329T233648.730,,,,,,,,,,,,,,,

MTP,20100329T233846.000,,,,,,,,,,,,,,,

UHSAS,20100330T003936.703,,,,,,,,,,,,,

ULH,20100330T003936.703,,,,,,,,,,,,

UCATS,20100329T233857,,,,,,,,,,,,

EIP1,,,-0.0,-0.0,-0.0,-0.0,,,,,,,,,,

NOAA_GHIS,,,,,,,,,,,,,,,,

EIP2,19700101T003555.000,2,1.5,1.4,1.2,0.4,0.3,0.0,0.0,0.0,5.6,5.6,0.0,0.0,27.3,21.1

EIP3,19700101T003455.000,,1.0,1.2,0.9,-0.0,,,,,,,,,,

CPL,20100329T193856.000,,,,,,,,,,,,,,

EIP4,19700101T002437.000,,1.4,1.2,1.1,0.5,,,,,,,,,,

EIP5,19700101T002657.000,2,0.8,1.1,2.5,1.4,0.0,0.0,0.0,0.0,0.0,0.0,0.0,0.0,0.2,17.8

FCAS,20100329T233857.089,,,,,,,,,,,,,,,

NOAA_UASO3,,,,,,,,,,,,,,,,

EIP7,,,-0.0,-0.0,-0.0,-0.0,,,,,,,,,,

EIP8,,,-0.0,-0.0,-0.0,-0.0,,,,,,,,,,

NMASS,20100329T233648.730,,,,,,,,,,,,,,,

EIP6,20100329T233508.000,2,0.6,0.6,0.6,0.5,0.0,0.3,0.0,0.0,0.0,0.0,0.1,0.0,28.3,19.4

MMS,20100329T233856.165,,,,,,,,,,,,,,

MTP,20100329T233846.000,,,,,,,,,,,,,,,

UHSAS,20100330T003936.703,,,,,,,,,,,,,

ULH,20100330T003936.703,,,,,,,,,,,,

UCATS,20100329T233857,,,,,,,,,,,,

EIP1,,,,,,,,,,,,,,,,

CPL,20100329T193856.000,,,,,,,,,,,,,,

EIP4,19700101T002437.000,,,,,,,,,,,,,,,

EIP3,19700101T003455.000,,,,,,,,,,,,,,,

EIP2,19700101T003555.000,,,,,,,,,,,,,,,

NOAA_GHIS,,,,,,,,,,,,,,,,

EIP5,19700101T002657.000,,,,,,,,,,,,,,,

FCAS,20100329T233857.089,,,,,,,,,,,,,,,

EIP7,,,,,,,,,,,,,,,,

EIP8,,,,,,,,,,,,,,,,

NMASS,20100329T233648.730,,,,,,,,,,,,,,,

EIP6,20100329T233508.000,,,,,,,,,,,,,,,

MMS,20100329T233856.165,,,,,,,,,,,,,,

NOAA_UASO3,,,,,,,,,,,,,,,,

MTP,20100329T233846.000,,,,,,,,,,,,,,,

UHSAS,20100330T003936.703,,,,,,,,,,,,,

ULH,20100330T003936.703,,,,,,,,,,,,

UCATS,20100329T233857,,,,,,,,,,,,

EIP1,,,,,,,,,,,,,,,,

CPL,20100329T193856.000,,,,,,,,,,,,,,

EIP2,19700101T003555.000,,,,,,,,,,,,,,,

EIP4,19700101T002437.000,,,,,,,,,,,,,,,

NOAA_GHIS,,,,,,,,,,,,,,,,

EIP3,19700101T003455.000,,,,,,,,,,,,,,,

EIP5,19700101T002657.000,,,,,,,,,,,,,,,

FCAS,20100329T233857.089,,,,,,,,,,,,,,,

EIP7,,,,,,,,,,,,,,,,

EIP8,,,,,,,,,,,,,,,,

NMASS,20100329T233648.730,,,,,,,,,,,,,,,

EIP6,20100329T233508.000,,,,,,,,,,,,,,,

MMS,20100329T233856.165,,,,,,,,,,,,,,

NOAA_UASO3,,,,,,,,,,,,,,,,

MTP,20100329T233846.000,,,,,,,,,,,,,,,

UHSAS,20100330T003936.703,,,,,,,,,,,,,

ULH,20100330T003936.703,,,,,,,,,,,,

UCATS,20100329T233857,,,,,,,,,,,,

EIP1,,,,,,,,,,,,,,,,

EIP4,19700101T002437.000,,,,,,,,,,,,,,,

NOAA_GHIS,,,,,,,,,,,,,,,,

EIP2,19700101T003555.000,,,,,,,,,,,,,,,

CPL,20100329T193856.000,,,,,,,,,,,,,,

EIP3,19700101T003455.000,,,,,,,,,,,,,,,

EIP5,19700101T002657.000,,,,,,,,,,,,,,,

FCAS,20100329T233857.089,,,,,,,,,,,,,,,

EIP7,,,,,,,,,,,,,,,,

EIP8,,,,,,,,,,,,,,,,

EIP6,20100329T233508.000,,,,,,,,,,,,,,,

MMS,20100329T233856.165,,,,,,,,,,,,,,

NOAA_UASO3,,,,,,,,,,,,,,,,

MTP,20100329T233846.000,,,,,,,,,,,,,,,

NMASS,20100329T233648.730,,,,,,,,,,,,,,,

UHSAS,20100330T003936.703,,,,,,,,,,,,,

UCATS,20100329T233857,,,,,,,,,,,,

ULH,20100330T003936.703,,,,,,,,,,,,

EIP1,,,-0.0,-0.0,-0.0,-0.0,,,,,,,,,,

NOAA_GHIS,,,,,,,,,,,,,,,,

EIP2,19700101T003555.000,2,1.7,1.6,1.4,0.4,0.3,0.0,0.0,0.0,5.6,5.6,0.0,0.0,27.3,21.1

CPL,20100329T193856.000,,,,,,,,,,,,,,

EIP4,19700101T002437.000,,1.3,1.2,1.0,0.5,,,,,,,,,,

EIP3,19700101T003455.000,,1.0,1.1,0.9,-0.0,,,,,,,,,,

EIP5,19700101T002657.000,2,0.8,1.1,2.5,1.4,0.0,0.0,0.0,0.0,0.0,0.0,0.0,0.0,0.2,17.8

FCAS,20100329T233857.089,,,,,,,,,,,,,,,

EIP7,,,-0.0,-0.0,-0.0,-0.0,,,,,,,,,,

EIP8,,,-0.0,-0.0,-0.0,-0.0,,,,,,,,,,

NMASS,20100329T233648.730,,,,,,,,,,,,,,,

EIP6,20100329T233508.000,2,0.6,0.7,0.6,0.5,0.0,0.3,0.0,0.0,0.0,0.0,0.1,0.0,28.3,19.4

MMS,20100329T233856.165,,,,,,,,,,,,,,

NOAA_UASO3,,,,,,,,,,,,,,,,

MTP,20100329T233846.000,,,,,,,,,,,,,,,

UHSAS,20100330T003936.703,,,,,,,,,,,,,

ULH,20100330T003936.703,,,,,,,,,,,,

UCATS,20100329T233857,,,,,,,,,,,,

EIP1,,,-0.0,-0.0,-0.0,-0.0,,,,,,,,,,

NOAA_GHIS,,,,,,,,,,,,,,,,

EIP2,19700101T003555.000,2,2.2,2.0,1.8,0.4,0.3,0.0,0.0,0.0,5.6,5.6,0.0,0.0,27.3,21.1

CPL,20100329T193856.000,,,,,,,,,,,,,,

EIP4,19700101T002437.000,,1.3,1.2,1.0,0.5,,,,,,,,,,

EIP3,19700101T003455.000,,1.0,1.1,0.9,-0.0,,,,,,,,,,

EIP5,19700101T002657.000,2,0.8,1.1,2.5,1.4,0.0,0.0,0.0,0.0,0.0,0.0,0.0,0.0,0.2,17.8

FCAS,20100329T233857.089,,,,,,,,,,,,,,,

EIP6,20100329T233508.000,2,0.7,0.7,0.6,0.5,0.0,0.3,0.0,0.0,0.0,0.0,0.1,0.0,28.3,19.4

NOAA_UASO3,,,,,,,,,,,,,,,,

MMS,20100329T233856.165,,,,,,,,,,,,,,

EIP7,,,-0.0,-0.0,-0.0,-0.0,,,,,,,,,,

EIP8,,,-0.0,-0.0,0.0,-0.0,,,,,,,,,,

MTP,20100329T233846.000,,,,,,,,,,,,,,,

NMASS,20100329T233648.730,,,,,,,,,,,,,,,

UHSAS,20100330T003936.703,,,,,,,,,,,,,

UCATS,20100329T233857,,,,,,,,,,,,

ULH,20100330T003936.703,,,,,,,,,,,,

EIP1,,,-0.0,-0.0,-0.0,-0.0,,,,,,,,,,

EIP4,19700101T002437.000,,1.3,1.2,1.0,0.5,,,,,,,,,,

NOAA_GHIS,,,,,,,,,,,,,,,,

EIP2,19700101T003555.000,2,2.2,2.0,1.8,0.4,0.3,0.0,0.0,0.0,5.6,5.6,0.0,0.0,27.3,21.1

CPL,20100329T193856.000,,,,,,,,,,,,,,

EIP3,19700101T003455.000,,1.0,1.1,0.9,-0.0,,,,,,,,,,

EIP5,19700101T002657.000,2,0.8,1.1,2.5,1.4,0.0,0.0,0.0,0.0,0.0,0.0,0.0,0.0,0.2,17.8

FCAS,20100329T233857.089,,,,,,,,,,,,,,,

NOAA_UASO3,,,,,,,,,,,,,,,,

EIP7,,,-0.0,-0.0,-0.0,-0.0,,,,,,,,,,

EIP8,,,-0.0,-0.0,0.0,-0.0,,,,,,,,,,

EIP6,20100329T233508.000,2,0.7,0.7,0.6,0.5,0.0,0.3,0.0,0.0,0.0,0.0,0.1,0.0,28.3,19.4

MMS,20100329T233916.165,3,930.42,0.00,6.31,0.02,-0.06,0.16,-0.56,141.92,-0.01,-0.01,-0.01,-0.02,2.03

NMASS,20100329T233648.730,,,,,,,,,,,,,,,

MTP,20100329T233913.000,3,10078,12215,13787,8805,10553,12290,8714,10452,12197,9.3,3.195060e+01,4.541040e+01,1.000000e+00,12

UHSAS,20100330T003956.703,11,1.0,2.73,1.06,59.54,2.68,1.53,794.65,32.45,94.53,1200,1209.25,1038

ULH,20100330T003956.703,259,227.90,37.33,-80.1,2382.0,514,1580,408,-14,34,63.0,71.5

UCATS,20100329T233916,7,1587.3,82.5,354.2,341.2,32969,9534,913.8,47.1,2.6,,

EIP1,,,-0.0,-0.0,-0.0,-0.0,,,,,,,,,,

CPL,20100329T194036.000,1,768,5,0,0,0.00,0.00,0.00,0.00,0.00,0.00,0.00,0.00,0.00

EIP2,19700101T003555.000,2,2.2,2.0,1.8,0.4,0.3,0.0,0.0,0.0,5.6,5.6,0.0,0.0,27.3,21.1

EIP4,19700101T002437.000,,1.3,1.2,1.0,0.5,,,,,,,,,,

NOAA_GHIS,,,,,,,,,,,,,,,,

EIP3,19700101T003455.000,,1.0,1.1,0.9,-0.0,,,,,,,,,,

EIP5,19700101T002657.000,2,0.8,1.1,2.5,1.4,0.0,0.0,0.0,0.0,0.0,0.0,0.0,0.0,0.2,17.8

FCAS,20100329T234037.109,3,62,49,1,0,6.6,36.0,5264,28.5,919.6,0.05,33.0,32.3,0,0.0

NOAA_UASO3,,,,,,,,,,,,,,,,

EIP7,,,-0.0,-0.0,-0.0,-0.0,,,,,,,,,,

EIP8,,,-0.0,-0.0,0.0,-0.0,,,,,,,,,,

EIP6,20100329T233508.000,2,0.7,0.7,0.6,0.5,0.0,0.3,0.0,0.0,0.0,0.0,0.1,0.0,28.3,19.4

MMS,20100329T234036.165,3,930.62,0.00,6.30,0.00,-0.02,0.15,-0.56,142.01,-0.00,-0.01,-0.01,0.12,2.01

MTP,20100329T234033.000,3,10069,12207,13787,8803,10544,12289,8706,10441,12197,9.3,3.197270e+01,4.534670e+01,4.000000e+00,18

NMASS,20100329T233648.730,,,,,,,,,,,,,,,

UHSAS,20100330T004116.703,11,1.0,2.89,1.07,59.45,2.70,1.53,794.60,32.73,94.41,1112,1122.23,1038

UCATS,20100329T234036,7,1604.4,84.5,354.2,346.3,20975,11338,912.7,47.3,1.4,,

ULH,20100330T004116.703,259,213.40,37.69,-80.1,2341.0,522,1495,410,-14,34,64.0,72.0

EIP1,,,-0.0,-0.0,-0.0,-0.0,,,,,,,,,,

CPL,20100329T194036.000,1,768,5,0,0,0.00,0.00,0.00,0.00,0.00,0.00,0.00,0.00,0.00

EIP2,19700101T003555.000,2,2.2,2.0,1.8,0.4,0.3,0.0,0.0,0.0,5.6,5.6,0.0,0.0,27.3,21.1

EIP4,19700101T002437.000,,1.3,1.2,1.0,0.5,,,,,,,,,,

NOAA_GHIS,,,,,,,,,,,,,,,,

EIP3,19700101T003455.000,,1.0,1.1,0.9,-0.0,,,,,,,,,,

EIP5,19700101T002657.000,2,0.8,1.1,2.5,1.4,0.0,0.0,0.0,0.0,0.0,0.0,0.0,0.0,0.2,17.8

FCAS,20100329T234037.109,3,62,49,1,0,6.6,36.0,5264,28.5,919.6,0.05,33.0,32.3,0,0.0

NOAA_UASO3,,,,,,,,,,,,,,,,

EIP7,,,-0.0,-0.0,-0.0,-0.0,,,,,,,,,,

EIP8,,,-0.0,-0.0,0.0,-0.0,,,,,,,,,,

EIP6,20100329T233508.000,2,0.7,0.7,0.6,0.5,0.0,0.3,0.0,0.0,0.0,0.0,0.1,0.0,28.3,19.4

MMS,20100329T234036.165,3,930.62,0.00,6.30,0.00,-0.02,0.15,-0.56,142.01,-0.00,-0.01,-0.01,0.12,2.01

MTP,20100329T234033.000,3,10069,12207,13787,8803,10544,12289,8706,10441,12197,9.3,3.197270e+01,4.534670e+01,4.000000e+00,18

NMASS,20100329T233648.730,,,,,,,,,,,,,,,

UHSAS,20100330T004116.703,11,1.0,2.89,1.07,59.45,2.70,1.53,794.60,32.73,94.41,1112,1122.23,1038

ULH,20100330T004116.703,259,213.40,37.69,-80.1,2341.0,522,1495,410,-14,34,64.0,72.0

UCATS,20100329T234036,7,1604.4,84.5,354.2,346.3,20975,11338,912.7,47.3,1.4,,

EIP1,,,-0.0,-0.0,-0.0,-0.0,,,,,,,,,,

EIP4,19700101T002437.000,,1.3,1.2,1.0,0.5,,,,,,,,,,

NOAA_GHIS,,,,,,,,,,,,,,,,

EIP2,19700101T003555.000,2,2.2,2.0,1.8,0.4,0.3,0.0,0.0,0.0,5.6,5.6,0.0,0.0,27.3,21.1

CPL,20100329T194036.000,1,768,5,0,0,0.00,0.00,0.00,0.00,0.00,0.00,0.00,0.00,0.00

EIP3,19700101T003455.000,,1.0,1.1,0.9,-0.0,,,,,,,,,,

EIP5,19700101T002657.000,2,0.8,1.1,2.5,1.4,0.0,0.0,0.0,0.0,0.0,0.0,0.0,0.0,0.2,17.8

FCAS,20100329T234037.109,3,62,49,1,0,6.6,36.0,5264,28.5,919.6,0.05,33.0,32.3,0,0.0

NOAA_UASO3,,,,,,,,,,,,,,,,

EIP7,,,-0.0,-0.0,-0.0,-0.0,,,,,,,,,,

EIP8,,,-0.0,-0.0,0.0,-0.0,,,,,,,,,,

MMS,20100329T234036.165,3,930.62,0.00,6.30,0.00,-0.02,0.15,-0.56,142.01,-0.00,-0.01,-0.01,0.12,2.01

EIP6,20100329T233508.000,2,0.7,0.7,0.6,0.5,0.0,0.3,0.0,0.0,0.0,0.0,0.1,0.0,28.3,19.4

NMASS,20100329T233648.730,,,,,,,,,,,,,,,

MTP,20100329T234033.000,3,10069,12207,13787,8803,10544,12289,8706,10441,12197,9.3,3.197270e+01,4.534670e+01,4.000000e+00,18

UHSAS,20100330T004116.703,11,1.0,2.89,1.07,59.45,2.70,1.53,794.60,32.73,94.41,1112,1122.23,1038

UCATS,20100329T234036,7,1604.4,84.5,354.2,346.3,20975,11338,912.7,47.3,1.4,,

ULH,20100330T004116.703,259,213.40,37.69,-80.1,2341.0,522,1495,410,-14,34,64.0,72.0

EIP1,,,-0.0,-0.0,-0.0,-0.0,,,,,,,,,,

EIP4,19700101T002437.000,,1.3,1.2,1.0,0.5,,,,,,,,,,

NOAA_GHIS,,,,,,,,,,,,,,,,

EIP2,19700101T003555.000,2,2.2,2.0,1.8,0.4,0.3,0.0,0.0,0.0,5.6,5.6,0.0,0.0,27.3,21.1

CPL,20100329T194036.000,1,768,5,0,0,0.00,0.00,0.00,0.00,0.00,0.00,0.00,0.00,0.00

EIP3,19700101T003455.000,,1.0,1.1,0.9,-0.0,,,,,,,,,,

EIP5,19700101T002657.000,2,0.8,1.1,2.5,1.4,0.0,0.0,0.0,0.0,0.0,0.0,0.0,0.0,0.2,17.8

FCAS,20100329T234037.109,3,62,49,1,0,6.6,36.0,5264,28.5,919.6,0.05,33.0,32.3,0,0.0

NOAA_UASO3,,,,,,,,,,,,,,,,

EIP7,,,-0.0,-0.0,-0.0,-0.0,,,,,,,,,,

EIP8,,,-0.0,-0.0,0.0,-0.0,,,,,,,,,,

EIP6,20100329T233508.000,2,0.7,0.7,0.6,0.5,0.0,0.3,0.0,0.0,0.0,0.0,0.1,0.0,28.3,19.4

MMS,20100329T234036.165,3,930.62,0.00,6.30,0.00,-0.02,0.15,-0.56,142.01,-0.00,-0.01,-0.01,0.12,2.01

NMASS,20100329T233648.730,,,,,,,,,,,,,,,

MTP,20100329T234033.000,3,10069,12207,13787,8803,10544,12289,8706,10441,12197,9.3,3.197270e+01,4.534670e+01,4.000000e+00,18

UHSAS,20100330T004116.703,11,1.0,2.89,1.07,59.45,2.70,1.53,794.60,32.73,94.41,1112,1122.23,1038

ULH,20100330T004116.703,259,213.40,37.69,-80.1,2341.0,522,1495,410,-14,34,64.0,72.0

UCATS,20100329T234036,7,1604.4,84.5,354.2,346.3,20975,11338,912.7,47.3,1.4,,

EIP1,,,-0.0,-0.0,-0.0,-0.0,,,,,,,,,,

EIP4,19700101T002437.000,,1.3,1.2,1.0,0.5,,,,,,,,,,

NOAA_GHIS,,,,,,,,,,,,,,,,

EIP2,19700101T003555.000,2,2.2,2.0,1.8,0.4,0.3,0.0,0.0,0.0,5.6,5.6,0.0,0.0,27.3,21.1

CPL,20100329T194036.000,1,768,5,0,0,0.00,0.00,0.00,0.00,0.00,0.00,0.00,0.00,0.00

EIP3,19700101T003455.000,,1.0,1.1,0.9,-0.0,,,,,,,,,,

EIP5,19700101T002657.000,2,0.8,1.1,2.5,1.4,0.0,0.0,0.0,0.0,0.0,0.0,0.0,0.0,0.2,17.8

FCAS,20100329T234037.109,3,62,49,1,0,6.6,36.0,5264,28.5,919.6,0.05,33.0,32.3,0,0.0

EIP6,20100329T233508.000,2,0.7,0.7,0.6,0.5,0.0,0.3,0.0,0.0,0.0,0.0,0.1,0.0,28.3,19.4

MMS,20100329T234036.165,3,930.62,0.00,6.30,0.00,-0.02,0.15,-0.56,142.01,-0.00,-0.01,-0.01,0.12,2.01

EIP7,,,-0.0,-0.0,-0.0,-0.0,,,,,,,,,,

EIP8,,,-0.0,-0.0,0.0,-0.0,,,,,,,,,,

NOAA_UASO3,,,,,,,,,,,,,,,,

NMASS,20100329T233648.730,,,,,,,,,,,,,,,

MTP,20100329T234033.000,3,10069,12207,13787,8803,10544,12289,8706,10441,12197,9.3,3.197270e+01,4.534670e+01,4.000000e+00,18

UHSAS,20100330T004116.703,11,1.0,2.89,1.07,59.45,2.70,1.53,794.60,32.73,94.41,1112,1122.23,1038

UCATS,20100329T234036,7,1604.4,84.5,354.2,346.3,20975,11338,912.7,47.3,1.4,,

ULH,20100330T004116.703,259,213.40,37.69,-80.1,2341.0,522,1495,410,-14,34,64.0,72.0

EIP1,,,-0.0,-0.0,-0.0,-0.0,,,,,,,,,,

NOAA_GHIS,,,,,,,,,,,,,,,,

EIP2,19700101T003555.000,2,2.2,2.0,1.8,0.4,0.3,0.0,0.0,0.0,5.6,5.6,0.0,0.0,27.3,21.1

CPL,20100329T194036.000,1,768,5,0,0,0.00,0.00,0.00,0.00,0.00,0.00,0.00,0.00,0.00

EIP4,19700101T002437.000,,1.3,1.2,1.0,0.5,,,,,,,,,,

EIP3,19700101T003455.000,,1.0,1.1,0.9,-0.0,,,,,,,,,,

EIP5,19700101T002657.000,2,0.8,1.1,2.5,1.4,0.0,0.0,0.0,0.0,0.0,0.0,0.0,0.0,0.2,17.8

FCAS,20100329T234037.109,3,62,49,1,0,6.6,36.0,5264,28.5,919.6,0.05,33.0,32.3,0,0.0

EIP6,20100329T233508.000,2,0.7,0.7,0.6,0.5,0.0,0.3,0.0,0.0,0.0,0.0,0.1,0.0,28.3,19.4

NOAA_UASO3,,,,,,,,,,,,,,,,

MMS,20100329T234036.165,3,930.62,0.00,6.30,0.00,-0.02,0.15,-0.56,142.01,-0.00,-0.01,-0.01,0.12,2.01

EIP7,,,-0.0,-0.0,-0.0,-0.0,,,,,,,,,,

EIP8,,,-0.0,-0.0,0.0,-0.0,,,,,,,,,,

NMASS,20100329T233648.730,,,,,,,,,,,,,,,

MTP,20100329T234033.000,3,10069,12207,13787,8803,10544,12289,8706,10441,12197,9.3,3.197270e+01,4.534670e+01,4.000000e+00,18

UCATS,20100329T234036,7,1604.4,84.5,354.2,346.3,20975,11338,912.7,47.3,1.4,,

UHSAS,20100330T004116.703,11,1.0,2.89,1.07,59.45,2.70,1.53,794.60,32.73,94.41,1112,1122.23,1038

ULH,20100330T004116.703,259,213.40,37.69,-80.1,2341.0,522,1495,410,-14,34,64.0,72.0

EIP1,,,-0.0,-0.0,-0.0,-0.0,,,,,,,,,,

EIP3,19700101T003455.000,,1.0,1.1,0.9,-0.0,,,,,,,,,,

CPL,20100329T194036.000,1,768,5,0,0,0.00,0.00,0.00,0.00,0.00,0.00,0.00,0.00,0.00

FCAS,20100329T234037.109,3,62,49,1,0,6.6,36.0,5264,28.5,919.6,0.05,33.0,32.3,0,0.0

EIP2,19700101T003555.000,2,2.2,2.0,1.8,0.4,0.3,0.0,0.0,0.0,5.6,5.6,0.0,0.0,27.3,21.1

EIP5,19700101T002657.000,2,0.8,1.1,2.5,1.4,0.0,0.0,0.0,0.0,0.0,0.0,0.0,0.0,0.2,17.8

EIP4,19700101T002437.000,,1.3,1.2,1.0,0.5,,,,,,,,,,

NOAA_GHIS,,,,,,,,,,,,,,,,

NOAA_UASO3,,,,,,,,,,,,,,,,

EIP6,20100329T233508.000,2,0.7,0.7,0.6,0.5,0.0,0.3,0.0,0.0,0.0,0.0,0.1,0.0,28.3,19.4

EIP8,,,-0.0,-0.0,0.0,-0.0,,,,,,,,,,

EIP7,,,-0.0,-0.0,-0.0,-0.0,,,,,,,,,,

MMS,20100329T234036.165,3,930.62,0.00,6.30,0.00,-0.02,0.15,-0.56,142.01,-0.00,-0.01,-0.01,0.12,2.01

NMASS,20100329T233648.730,,,,,,,,,,,,,,,

MTP,20100329T234033.000,3,10069,12207,13787,8803,10544,12289,8706,10441,12197,9.3,3.197270e+01,4.534670e+01,4.000000e+00,18

UCATS,20100329T234036,7,1604.4,84.5,354.2,346.3,20975,11338,912.7,47.3,1.4,,

ULH,20100330T004116.703,259,213.40,37.69,-80.1,2341.0,522,1495,410,-14,34,64.0,72.0

UHSAS,20100330T004116.703,11,1.0,2.89,1.07,59.45,2.70,1.53,794.60,32.73,94.41,1112,1122.23,1038

EIP1,,,-0.0,-0.0,-0.0,-0.0,,,,,,,,,,

EIP3,19700101T003455.000,,1.0,1.1,0.9,-0.0,,,,,,,,,,

CPL,20100329T194036.000,1,768,5,0,0,0.00,0.00,0.00,0.00,0.00,0.00,0.00,0.00,0.00

NOAA_GHIS,,,,,,,,,,,,,,,,

EIP2,19700101T003555.000,2,2.2,2.0,1.8,0.4,0.3,0.0,0.0,0.0,5.6,5.6,0.0,0.0,27.3,21.1

EIP5,19700101T002657.000,2,0.8,1.1,2.5,1.4,0.0,0.0,0.0,0.0,0.0,0.0,0.0,0.0,0.2,17.8

FCAS,20100329T234037.109,3,62,49,1,0,6.6,36.0,5264,28.5,919.6,0.05,33.0,32.3,0,0.0

EIP4,19700101T002437.000,,1.3,1.2,1.0,0.5,,,,,,,,,,

NOAA_UASO3,,,,,,,,,,,,,,,,

MMS,20100329T234036.165,3,930.62,0.00,6.30,0.00,-0.02,0.15,-0.56,142.01,-0.00,-0.01,-0.01,0.12,2.01

EIP8,,,-0.0,-0.0,0.0,-0.0,,,,,,,,,,

EIP7,,,-0.0,-0.0,-0.0,-0.0,,,,,,,,,,

EIP6,20100329T233508.000,2,0.7,0.7,0.6,0.5,0.0,0.3,0.0,0.0,0.0,0.0,0.1,0.0,28.3,19.4

MTP,20100329T234033.000,3,10069,12207,13787,8803,10544,12289,8706,10441,12197,9.3,3.197270e+01,4.534670e+01,4.000000e+00,18

NMASS,20100329T233648.730,,,,,,,,,,,,,,,

UCATS,20100329T234036,7,1604.4,84.5,354.2,346.3,20975,11338,912.7,47.3,1.4,,

ULH,20100330T004116.703,259,213.40,37.69,-80.1,2341.0,522,1495,410,-14,34,64.0,72.0

UHSAS,20100330T004116.703,11,1.0,2.89,1.07,59.45,2.70,1.53,794.60,32.73,94.41,1112,1122.23,1038

EIP1,,,-0.0,-0.0,-0.0,-0.0,,,,,,,,,,

CPL,20100329T194036.000,1,768,5,0,0,0.00,0.00,0.00,0.00,0.00,0.00,0.00,0.00,0.00

NOAA_GHIS,,,,,,,,,,,,,,,,

EIP5,19700101T002657.000,2,0.8,1.1,2.5,1.4,0.0,0.0,0.0,0.0,0.0,0.0,0.0,0.0,0.2,17.8

EIP3,19700101T003455.000,,1.0,1.1,0.9,-0.0,,,,,,,,,,

EIP2,19700101T003555.000,2,2.2,2.0,1.8,0.4,0.3,0.0,0.0,0.0,5.6,5.6,0.0,0.0,27.3,21.1

FCAS,20100329T234037.109,3,62,49,1,0,6.6,36.0,5264,28.5,919.6,0.05,33.0,32.3,0,0.0

EIP4,19700101T002437.000,,1.3,1.2,1.0,0.5,,,,,,,,,,

NOAA_UASO3,,,,,,,,,,,,,,,,

MMS,20100329T234036.165,3,930.62,0.00,6.30,0.00,-0.02,0.15,-0.56,142.01,-0.00,-0.01,-0.01,0.12,2.01

EIP8,,,-0.0,-0.0,0.0,-0.0,,,,,,,,,,

EIP7,,,-0.0,-0.0,-0.0,-0.0,,,,,,,,,,

EIP6,20100329T233508.000,2,0.7,0.7,0.6,0.5,0.0,0.3,0.0,0.0,0.0,0.0,0.1,0.0,28.3,19.4

NMASS,20100329T233648.730,,,,,,,,,,,,,,,

MTP,20100329T234033.000,3,10069,12207,13787,8803,10544,12289,8706,10441,12197,9.3,3.197270e+01,4.534670e+01,4.000000e+00,18

UHSAS,20100330T004116.703,11,1.0,2.89,1.07,59.45,2.70,1.53,794.60,32.73,94.41,1112,1122.23,1038

ULH,20100330T004116.703,259,213.40,37.69,-80.1,2341.0,522,1495,410,-14,34,64.0,72.0

UCATS,20100329T234036,7,1604.4,84.5,354.2,346.3,20975,11338,912.7,47.3,1.4,,

EIP1,,,-0.0,-0.0,-0.0,-0.0,,,,,,,,,,

CPL,20100329T194141.000,1,768,5,0,0,0.00,0.00,0.00,0.00,0.00,0.00,0.00,0.00,0.00

EIP5,19700101T002657.000,2,0.8,1.1,2.5,1.4,0.0,0.0,0.0,0.0,0.0,0.0,0.0,0.0,0.2,17.8

NOAA_GHIS,,,,,,,,,,,,,,,,

EIP2,19700101T003555.000,2,2.2,2.0,1.8,0.4,0.3,0.0,0.0,0.0,5.6,5.6,0.0,0.0,27.3,21.1

EIP3,19700101T003455.000,,1.0,1.1,0.9,-0.0,,,,,,,,,,

FCAS,20100329T234142.089,3,44,37,2,0,6.7,41.7,4666,28.7,919.6,0.06,33.0,32.4,0,0.0

EIP4,19700101T002437.000,,1.3,1.2,1.0,0.5,,,,,,,,,,

NOAA_UASO3,,,,,,,,,,,,,,,,

EIP8,,,-0.0,-0.0,0.0,-0.0,,,,,,,,,,

EIP6,20100329T233508.000,2,0.7,0.7,0.6,0.5,0.0,0.3,0.0,0.0,0.0,0.0,0.1,0.0,28.3,19.4

EIP7,,,-0.0,-0.0,-0.0,-0.0,,,,,,,,,,

MMS,20100329T234146.165,3,930.38,0.00,6.31,0.05,-0.02,0.16,-0.57,142.07,-0.00,-0.01,-0.00,0.08,2.00

NMASS,20100329T233648.730,,,,,,,,,,,,,,,

MTP,20100329T234139.000,3,10071,12194,13789,8802,10536,12285,8696,10419,12181,9.5,3.239340e+01,4.631240e+01,3.000000e+00,23

UHSAS,20100330T004226.703,11,1.0,2.61,1.06,59.52,2.70,1.53,794.53,32.95,94.44,1041,1049.37,1038

ULH,20100330T004226.703,259,214.76,38.02,-80.1,2420.0,540,1639,408,-14,34,65.0,72.0

UCATS,20100329T234146,7,1609.3,84.4,353.5,349.2,25850,11884,913.3,47.5,2.9,,

EIP1,,,,,,,,,,,,,,,,

EIP3,19700101T003455.000,,,,,,,,,,,,,,,

CPL,20100329T194151.000,1,768,5,0,0,0.00,0.00,0.00,0.00,0.00,0.00,0.00,0.00,0.00

EIP5,19700101T002657.000,,,,,,,,,,,,,,,

NOAA_GHIS,,,,,,,,,,,,,,,,

EIP2,19700101T003555.000,,,,,,,,,,,,,,,

EIP4,19700101T002437.000,,,,,,,,,,,,,,,

FCAS,20100329T234152.079,3,50,32,3,0,6.7,36.1,4506,28.7,919.1,0.06,33.0,32.4,0,0.0

NOAA_UASO3,,,,,,,,,,,,,,,,

EIP8,,,,,,,,,,,,,,,,

MMS,20100329T234151.165,3,930.02,0.00,6.31,0.03,-0.03,0.17,-0.57,142.08,-0.00,-0.01,-0.01,-0.02,2.00

EIP7,,,,,,,,,,,,,,,,

EIP6,20100329T233508.000,,,,,,,,,,,,,,,

NMASS,20100329T233648.730,,,,,,,,,,,,,,,

MTP,20100329T234139.000,3,10071,12194,13789,8802,10536,12285,8696,10419,12181,9.5,3.239340e+01,4.631240e+01,3.000000e+00,23

UHSAS,20100330T004231.703,11,1.0,2.62,1.07,59.48,2.70,1.53,794.43,32.97,94.52,917,924.98,1038

ULH,20100330T004231.703,259,241.90,38.03,-80.1,2468.0,576,1682,408,-15,34,65.0,73.0

UCATS,20100329T234151,7,1592.2,84.1,353.2,349.2,24524,11774,913.3,47.1,2.9,,

EIP1,,,,,,,,,,,,,,,,

EIP3,19700101T003455.000,,,,,,,,,,,,,,,

EIP5,19700101T002657.000,,,,,,,,,,,,,,,

CPL,20100329T194151.000,1,768,5,0,0,0.00,0.00,0.00,0.00,0.00,0.00,0.00,0.00,0.00

NOAA_GHIS,,,,,,,,,,,,,,,,

EIP2,19700101T003555.000,,,,,,,,,,,,,,,

EIP4,19700101T002437.000,,,,,,,,,,,,,,,

FCAS,20100329T234152.079,3,50,32,3,0,6.7,36.1,4506,28.7,919.1,0.06,33.0,32.4,0,0.0

NOAA_UASO3,,,,,,,,,,,,,,,,

EIP8,,,,,,,,,,,,,,,,

MMS,20100329T234151.165,3,930.02,0.00,6.31,0.03,-0.03,0.17,-0.57,142.08,-0.00,-0.01,-0.01,-0.02,2.00

EIP7,,,,,,,,,,,,,,,,

EIP6,20100329T233508.000,,,,,,,,,,,,,,,

NMASS,20100329T233648.730,,,,,,,,,,,,,,,

MTP,20100329T234139.000,3,10071,12194,13789,8802,10536,12285,8696,10419,12181,9.5,3.239340e+01,4.631240e+01,3.000000e+00,23

UHSAS,20100330T004231.703,11,1.0,2.62,1.07,59.48,2.70,1.53,794.43,32.97,94.52,917,924.98,1038

ULH,20100330T004231.703,259,241.90,38.03,-80.1,2468.0,576,1682,408,-15,34,65.0,73.0

UCATS,20100329T234151,7,1592.2,84.1,353.2,349.2,24524,11774,913.3,47.1,2.9,,

EIP1,,,,,,,,,,,,,,,,

EIP3,19700101T003455.000,,,,,,,,,,,,,,,

CPL,20100329T194151.000,1,768,5,0,0,0.00,0.00,0.00,0.00,0.00,0.00,0.00,0.00,0.00

EIP5,19700101T002657.000,,,,,,,,,,,,,,,

NOAA_GHIS,,,,,,,,,,,,,,,,

EIP2,19700101T003555.000,,,,,,,,,,,,,,,

EIP4,19700101T002437.000,,,,,,,,,,,,,,,

FCAS,20100329T234152.079,3,50,32,3,0,6.7,36.1,4506,28.7,919.1,0.06,33.0,32.4,0,0.0

NOAA_UASO3,,,,,,,,,,,,,,,,

MMS,20100329T234151.165,3,930.02,0.00,6.31,0.03,-0.03,0.17,-0.57,142.08,-0.00,-0.01,-0.01,-0.02,2.00

EIP8,,,,,,,,,,,,,,,,

EIP7,,,,,,,,,,,,,,,,

EIP6,20100329T233508.000,,,,,,,,,,,,,,,

NMASS,20100329T233648.730,,,,,,,,,,,,,,,

MTP,20100329T234139.000,3,10071,12194,13789,8802,10536,12285,8696,10419,12181,9.5,3.239340e+01,4.631240e+01,3.000000e+00,23

UHSAS,20100330T004231.703,11,1.0,2.62,1.07,59.48,2.70,1.53,794.43,32.97,94.52,917,924.98,1038

ULH,20100330T004231.703,259,241.90,38.03,-80.1,2468.0,576,1682,408,-15,34,65.0,73.0

UCATS,20100329T234151,7,1592.2,84.1,353.2,349.2,24524,11774,913.3,47.1,2.9,,

EIP1,,,,,,,,,,,,,,,,

EIP3,19700101T003455.000,,,,,,,,,,,,,,,

EIP5,19700101T002657.000,,,,,,,,,,,,,,,

FCAS,20100329T234152.079,3,50,32,3,0,6.7,36.1,4506,28.7,919.1,0.06,33.0,32.4,0,0.0

CPL,20100329T194151.000,1,768,5,0,0,0.00,0.00,0.00,0.00,0.00,0.00,0.00,0.00,0.00

EIP4,19700101T002437.000,,,,,,,,,,,,,,,

NOAA_GHIS,,,,,,,,,,,,,,,,

EIP2,19700101T003555.000,,,,,,,,,,,,,,,

NOAA_UASO3,,,,,,,,,,,,,,,,

EIP6,20100329T233508.000,,,,,,,,,,,,,,,

EIP8,,,,,,,,,,,,,,,,

EIP7,,,,,,,,,,,,,,,,

MMS,20100329T234151.165,3,930.02,0.00,6.31,0.03,-0.03,0.17,-0.57,142.08,-0.00,-0.01,-0.01,-0.02,2.00

NMASS,20100329T233648.730,,,,,,,,,,,,,,,

MTP,20100329T234139.000,3,10071,12194,13789,8802,10536,12285,8696,10419,12181,9.5,3.239340e+01,4.631240e+01,3.000000e+00,23

UHSAS,20100330T004231.703,11,1.0,2.62,1.07,59.48,2.70,1.53,794.43,32.97,94.52,917,924.98,1038

ULH,20100330T004231.703,259,241.90,38.03,-80.1,2468.0,576,1682,408,-15,34,65.0,73.0

UCATS,20100329T234151,7,1592.2,84.1,353.2,349.2,24524,11774,913.3,47.1,2.9,,

EIP1,,,,,,,,,,,,,,,,

EIP3,19700101T003455.000,,,,,,,,,,,,,,,

EIP4,19700101T002437.000,,,,,,,,,,,,,,,

CPL,20100329T194151.000,1,768,5,0,0,0.00,0.00,0.00,0.00,0.00,0.00,0.00,0.00,0.00

FCAS,20100329T234152.079,3,50,32,3,0,6.7,36.1,4506,28.7,919.1,0.06,33.0,32.4,0,0.0

EIP5,19700101T002657.000,,,,,,,,,,,,,,,

NOAA_GHIS,,,,,,,,,,,,,,,,

EIP2,19700101T003555.000,,,,,,,,,,,,,,,

NOAA_UASO3,,,,,,,,,,,,,,,,

EIP8,,,,,,,,,,,,,,,,

MMS,20100329T234151.165,3,930.02,0.00,6.31,0.03,-0.03,0.17,-0.57,142.08,-0.00,-0.01,-0.01,-0.02,2.00

EIP7,,,,,,,,,,,,,,,,

EIP6,20100329T233508.000,,,,,,,,,,,,,,,

NMASS,20100329T233648.730,,,,,,,,,,,,,,,

MTP,20100329T234139.000,3,10071,12194,13789,8802,10536,12285,8696,10419,12181,9.5,3.239340e+01,4.631240e+01,3.000000e+00,23

UHSAS,20100330T004231.703,11,1.0,2.62,1.07,59.48,2.70,1.53,794.43,32.97,94.52,917,924.98,1038

ULH,20100330T004231.703,259,241.90,38.03,-80.1,2468.0,576,1682,408,-15,34,65.0,73.0

UCATS,20100329T234151,7,1592.2,84.1,353.2,349.2,24524,11774,913.3,47.1,2.9,,

EIP1,,,,,,,,,,,,,,,,

