 1   2.21    37
 2   3.63    83
 3   5.05   126
 4   6.47   160
 5   7.89   168
 6   9.31   187
 7  10.73   258
 8  12.16   337
 9  13.58   390
10  15.00   444
11  16.42   503
12  17.84   573
13  19.26   646
14  20.68   723
15  22.10   805
16  23.52   890
17  24.94   978
18  26.37  1069
19  27.79  1164
20  29.21  1261
21  30.63  1365
22  32.05  1477
23  33.47  1593
24  34.89  1712
25  36.31  1835
26  37.73  1962
27  39.15  2092
28  40.58  2226
29  42.00  2363
30  43.42  2504
31  44.84  2648
32  46.26  2796
33  47.68  2947
34  49.10  3101
35  50.52  3258
36  51.94  3419
37  53.36  3583
38  54.79  3751
39  56.21  3922
40  57.63  4096
