 1   2.04    33
 2   3.20    74
 3   4.35   109
 4   5.50   145
 5   6.65   172
 6   7.81   190
 7   8.96   206
 8  10.11   267
 9  11.26   340
10  12.42   412
11  13.57   475
12  14.72   540
13  15.88   608
14  17.03   681
15  18.18   758
16  19.33   838
17  20.49   923
18  21.64  1016
19  22.79  1113
20  23.94  1214
21  25.10  1319
22  26.25  1427
23  27.40  1539
24  28.56  1655
25  29.71  1774
26  30.86  1900
27  32.01  2032
28  33.17  2167
29  34.32  2307
30  35.47  2450
31  36.63  2598
32  37.78  2749
33  38.93  2904
34  40.08  3063
35  41.24  3225
36  42.39  3392
37  43.54  3562
38  44.69  3736
39  45.85  3914
40  47.00  4096
