# 10 10 10 channs in gain stages.
#
 1  0.104   758
 2  0.108   939
 3  0.112  1154
 4  0.116  1409
 5  0.120  1708
 6  0.124  2057
 7  0.128  2463
 8  0.132  2933
 9  0.136  3474
10  0.140  4096
11  0.120  4118
12  0.140  4150
13  0.160  4211
14  0.180  4321
15  0.200  4506
16  0.220  4800
17  0.240  5250
18  0.260  5914
19  0.280  6865
20  0.300  8192
21  0.464  8412
22  0.746  8714
23  1.028  8857
24  1.309  9216
25  1.591  9581
26  1.873  9846
27  2.155 10309
28  2.436 11022
29  2.718 11657
30  3.000 12288
