 1   0.26     9
 2   0.28    15
 3   0.31    25
 4   0.33    40
 5   0.35    61
 6   0.38    92
 7   0.40   134
 8   0.43   190
 9   0.45   266
10   0.47   365
11   0.50   493
12   0.52   657
13   0.55   864
14   0.57  1122
15   0.59  1443
16   0.62  1836
17   0.64  2315
18   0.67  2895
19   0.69  3591
20   0.71  4096
21   1.40  4208
22   2.28  4371
23   3.15  4586
24   4.02  4763
25   4.90  4951
26   5.77  5149
27   6.64  5231
28   7.52  5266
29   8.39  5299
30   9.26  5402
31  10.14  5695
32  11.01  6022
33  11.88  6382
34  12.76  6628
35  13.63  6858
36  14.50  7093
37  15.38  7332
38  16.25  7589
39  17.12  7886
40  17.99  8192
