# 13, 14, 13 (channs per gain stage).
#
 1  0.103   720
 2  0.106   851
 3  0.109  1001
 4  0.112  1172
 5  0.115  1367
 6  0.118  1587
 7  0.122  1836
 8  0.125  2115
 9  0.128  2429
10  0.131  2781
11  0.134  3173
12  0.137  3610
13  0.140  4096
14  0.114  4113
15  0.129  4129
16  0.143  4156
17  0.157  4200
18  0.171  4267
19  0.186  4365
20  0.200  4506
21  0.214  4703
22  0.229  4971
23  0.243  5330
24  0.257  5804
25  0.271  6417
26  0.286  7201
27  0.300  8192
28  0.399  8349
29  0.616  8565
30  0.833  8789
31  1.049  8882
32  1.266  9156
33  1.483  9470
34  1.700  9683
35  1.916  9887
36  2.133 10259
37  2.350 10790
38  2.567 11336
39  2.783 11799
40  3.000 12288
