 1   0.29     9
 2   0.31    16
 3   0.34    26
 4   0.37    42
 5   0.39    66
 6   0.42    99
 7   0.45   146
 8   0.48   209
 9   0.50   294
10   0.53   406
11   0.56   552
12   0.58   739
13   0.61   976
14   0.64  1273
15   0.67  1643
16   0.69  2098
17   0.72  2533
18   0.75  2990
19   0.77  3509
20   0.80  4096
21   1.28  4203
22   1.96  4339
23   2.64  4528
24   3.33  4721
25   4.01  4883
26   4.70  5052
27   5.38  5227
28   6.06  5398
29   6.75  5484
30   7.43  5566
31   8.11  5645
32   8.80  5721
33   9.48  5944
34  10.16  6253
35  10.85  6587
36  11.53  6948
37  12.21  7301
38  12.90  7589
39  13.58  7886
40  14.26  8192
