 1   0.25     8
 2   0.28    15
 3   0.30    24
 4   0.32    39
 5   0.35    59
 6   0.37    88
 7   0.40   128
 8   0.42   182
 9   0.44   253
10   0.47   346
11   0.49   466
12   0.51   620
13   0.54   812
14   0.56  1053
15   0.58  1350
16   0.61  1714
17   0.63  2157
18   0.65  2692
19   0.68  3332
20   0.70  4096
21   1.50  4202
22   2.47  4432
23   3.44  4681
24   4.42  4808
25   5.39  4929
26   6.37  5027
27   7.34  5090
28   8.31  5148
29   9.29  5264
30  10.26  5544
31  11.24  5856
32  12.21  6171
33  13.18  6389
34  14.16  6612
35  15.13  6839
36  16.10  7074
37  17.08  7343
38  18.05  7619
39  19.03  7902
40  20.00  8192
